93224425305772817619
99165313042453262599
69953516383475217998
48996524207204339905
56799384001550499714
70589942602558996062
06165992135319973506
87554299842599053824
13812159922994176718
53364422999978266226
17867264099080351206
45240031999922024508
07486109921992165483
62366799786699742831
83734995478269923048
80879927436282997877
13199175666035099555
78996171442678849958
79921461855553625993
99443234024240266199

99999999999996197358086556991995863790165367208819871787093826757950636906269608570641350745255956963332954058977615168041531914990565662063221014417992552024114312509633663410
99999999999964112992872900413686636649442252494188036696253732070286070493595953323604806985846096123985864584893068034019213417603323405537974913214273086260369694494879114004
99999999999995919999179399164951076736309020641240126232571121589622726677209126329010235687544901678451133595042584381345216578269023096204929091433448198459515479712890822253
89999999999999999999999992132457538410506758217806729133070930733350740653092257216233277330769999943699694467303371593514048451375360722069175630762809201513941432603991721767
29999999999999599999993316690783324183778135719372149117481363571993162814375645739999999816999999995731599999982094797797911695561324334637335755406323020481721132289563355457
53699999999938799999995813819143953569678220852571247173431169990906115426322671709999999999999999999999999999997259469997397677388037843005213970730459175709032191160930101863
79999999999926317499902811038445197604510160842863347336357563211665538599999999999999999999999999999999999999999999999999859109691025390907836506527305406757873400064318437992
74499999959332678267180795977340459639208268563217820736619748986155019659999999999999999999999999999999999999999999999999977797998757276927464739828740175065341013017503168012
81999999923422703915918241725490715247287433739873564912610224456399996999999999999999999996440499994361299999999999999999999497159675521512569232112981974426081979349243028378
59999999948772279847079216253095945039288686790801076697712880999999999999999999996401099999756319999289369999949999999999999999999999236744502848840375281655956525730170663061
99999998318689772055698219411335097711610916074423562965818175826999999999999189999911355721898965239193192969651893999999999999999999369542441044918931590597685778251386223864
99999992829997399933470570763519690906437983798138868406611111747999999999803939517204563886183705068121454064815675999992999999999999945729967111339679135458285970280259969461
99999999999999999581757756383873300105699292163876550462699999999999994999931442217043025409505968968145053349199562599970866499999999999975243039234665746134310694461364423566
99999999999999994752072521516602510449824385950436591853989999999999949712143959404657678617577804993276375008868258817592414499999999999999999900772131353910679558537659265785
99999993519999996457402948036949231888548454015494592132649999999999991834298356644008778089948871943748598255779779525841575999999999999999999959703849527547322285800362087690
99999994114166183945863139623429526279955458665633092686999999999995937094647367363170594452115445123049416942685216360714606049877862999999999928138309146087197962390335039609
99999995907373377939107353404207783408977531384225192999999999999677026153214119459775813843673216123740710756564822609755207443862984699999999967399699401065172842159201598259
99999925873717958492798674501401281616455526502714599999999999997415347711677231785963119176956778585517850551611649976383252338475223699999999993995355422738072054038620222244
99999949899718324994893396860205617818249187968063438999999999601373801680588853124052416619131383484889920553098354918682632785993769999999999999999999936267136709789879751893
99999921641906686427859012566920094881226563403917365999994583721935556397984240050776254321331723832850846005440606715866512571806351999781999999999999993013729165546038361498
99999979994799979844830386088529008398546075570915999999987819440969682495552079785535499959994749390829798189043757025753762170722939569613579999999999993789579119714679738851
99999949999993237893993935145587564821490316222214999999999119129013134536940293957999999999999999992241368781179650275351341982542804031639614999999999956873586721330991682250
99999999999999822921570900739614188493788268123542699999327101658641510550441629999999999999999999999284752743377115663953975327873639134542783999999999697359413119769109698061
99999999999999369299071746865420700203789150725771799994184828759403201067539999999891313429849899999999969799327874841104429792727733112615499999999999858817499000225818549019
99999915899998796087350498687561752225149286143969999999960595490112828809999988414181570018096673939999999940117785446055001095820275121561599999999999999954222295277531308542
99999991176327166935714776429425979640560236278699999999991922793296723119999121801195383592760566793999999992318581754609036078990803832809811981639999999999999838547255354444
99999918001157937995330769788233113598911475836999999999123160717421672999980339552635870542273313160059299999792527835407686018689735784327096932062999999999999963011901309948
99999997058320665189174529620466250608715530942451999999279548754060365999982718201888884106220570262118399899999133768078876167024951201270974271500699999999999959181802723966
99999965960137994235338838165779474263501890281124999999916186100245339999618693888999999999265963945277274849999021393699602568433687578755209543348599999999999537431393081420
99999916992929999080708544416517808165499933560599999999280944376771519992852048888862175199992556256875073999999959549622227881769563805936611892799999999999996684369172231036
99999913999999448134879703607340576570409890221539999999623398226278249991556988888888867827999661869323581193799999191266821261633166812899077513099999999999974674752179330151
99999999999999998156350592603614343259683193385199729999932574601985739998891788888888884900199990817508791946799999139210454800316527584427303426173499899999999999165968259296
99999999999999988027196524147481793042596554799123099999999034383878353999017748888888888622329993031134407566999999437500596852506856515482408864528947239999992899991952688230
99999999219995201494228855162948534256886988145830999999344493764655367499930687888888888491219993478316770215442999895763700891034918464332671465367565359999999899999941665528
99999999974360374359985497636182550971274432911510999999999127336252852799998591843888886157869999336864867939970999995620630820690973950693730251597137648999999999999996390601
99999999926540569319168330464439555970300749680468070839999909996565947607999999999998853478849997987248695522699999997282625866436780166318503816199597286299999999999994477822
99999999972761980296995741606205804991723807325292947899999985891762936936914688888427660972299997609921170449499999919115156367398991958309860766403355099999999999999945790372
49999999995122726998209004458242881656994700465812378899999999937672837330027659468636395951999944038575130429948399991916550421893389307825838287238390999999999999999220021115
79999999995299916998617417914515023400298620303198087462219999946116664089195040724600218499999928217006182716245999999449724209618994656927417901312701499999999999917672417541
88779999999859999999604056387302174839366677804443107677179999999997886889147403589294745999999734444190225957999999999154953335646925889463266217878647399208999999997689451720
60519999999999999999832742390118194582760292926979319169799999999992699392439473074192999999929377009506037489938999940131577224433655449487981014551721284555579999999998706898
68401999999999999992631469634541132817033515190269903289843886499999999424999999599999999992456791380908479199960999963127350477250247438276662990649808108102681999999999939480
10299999999999754792354411379082327603605924334131729728325814099999999999999999999999961714198952177880213144889999999439771299863877110097010943586499763565836699999999999824
44999999999999999165922722994405808672803626616803818557707010249624899989999999999549613531747001188136313049999999999792887007594946654252330619637797116146381599999999999993
11999999999999991050066149107368408968154393116658064207767431787763818611299229112726708482709808921234725121999999993296217540168104171633819323898189180419299899999999999991
52699999999999999399264799809193529793799485800123387477301332560796895192082511000974324575613958460390711978999999491787699616146430958448595943312998612999999999999999999984
74981969999999999998999999999550738172901521148206293255857084924562699759790315260372903256617693958030879999999999596267590438897128951038417400534627623999999999999999999024
19577791299999999999499999999042859217598283936809433283461714681401624752548489309647746849920093560629499999999999424290158886476157137676787388774226477799999999999994991685
96179999779989999999999999996759273860928017525078592170299331159520658924620564959991783845949456644924849999999999145757358863733101740527419513626350599997239999999972880182
10372461352289999999999951168686076389110113265725475487721992428372225452732437577503735660497696453315199999999999450936478622307013622927368147602539129454027999999978343979
81323985551105999999999999352330234932176212088721302739277335780721850414162458489318165665622604229999999999952528346570752305346713746656277584252672817823802999999676999117
04658953321349999999999999372536424998475789339660862385210772168842136377454966039171338381461983999999999999934547837758063005446969122752869066812969132499514999999054891161
65489131161719999999999999999018999999957207985790664728205312471812175202469266159324670244810299361999999999999903420847910352246480577900521555040096905715789999999654999995
07729678180769999999999999999999999999933792319416359424570391268319787066090669897845619865748971506999999999944833671858582273702076716189845394559347557841829999999999999999
90033623337162499999999999999999999999934956489278226223154052491954563405175984925136642299999992699999999991062817370385219764453255842785710550957842742599999999999999999999
73004477065566633691159859999999999999999656689999906691801248938873719620588197618151279448999999999999967117703819834622691604213312114956746369080711229999999999999999999999
17069976890905923999436051999999999999999998299999992298792015536606671911198124999899914822299999999999772538454953283884277133551526520884460230608558492999999999999999999999
48641300510003454423129557799999999999999999999999951928869999988499049919982214129999999999999999999999896057210525389844949895024355619602601920312781107999999999999999999991
30581046041608602133276152299999999983999999999999994148233899992533285899999054599999999999999999999993779525971101795472569933342956407144322290665577799978499999999999994685
68519315793736145694175832899999999993749999999999999999999999999977922999999999999999999999999924955596607219184149581767011327892175352107713259467104891157305999999998979422
02558396477306125199197220219999999699914199999999999999999999999999999999999999999999999999992323564416970318360811403675572565468744883003494715819607361291527629999999904588
08011943976379227799999996111634999321191999999999999999999999999999999999999999999949999999999997172540521046883785015694463102822016107790407812729371283375645591899999999906
97029000447775772351518191826232499946950799999999993589999999999999999999999999999953729999991186564828622913619131709521159563519563597995817301192832238367205845799999999908
81074605538654836418489537567800129578433279999999989955189999999999987199999999995245479241111856357279877006672618685749711216764172999317453080345921725124326475694999999949
30654705316935219911786974547234958714178931999995927584549999999998984660999999999990125130106414286953879406227383051505215545456811936643102176015235164612931899998999999992
37357785096302622135486132795587268795211356127567993653209999999942726569724989339962767184681930827445292687722796377444272194790782111938023190587379999999127299999999999998
15989473364738513508726939994264946656366189875801999964877891442999494825779241339188422288175706761710698352150432979484351969099542711478956130955599999999916799999999999999
86395422266442420784937855913051903407399434034248143477121134454357752752526536298256689356637122459860658225025155163789217850464392498318784299062449999999299999999999999999
12241106988533607272334597859203671546741577671074660591474944727380817294858940664807994564480341557075115760393624009487069044212077067516781327831359999999999999599999999999
93495905366952393651256083796861460779643420011150507774964475583126236245730968574812468198289325960164696593770818390364377384836778404490425646799994939999998968999999999999
14491009306600038880904804498743057864130757447934920745430794168412623586262530609196353086937183375324992453764509969397736337179682744801638795993499519999847597399999999999
71051722101940145984594390865938547247812641538004743622901716769280136777975407838774312662352293818222037041159144608051794694318715815879999119127955356749912143199999999999

7769696786389558698973695697436589965991111876642847986329253964525543536991978645963111768438652547369232547422858384372627983694725725556596789864538877815349169458821827671874754931726635289241934657
6791358194652935349891769421543194291111111116212246995111111111195192917565572526328449737541338111111139743811742142469683182611111111111118416641723511111111257216349864691336917744485561111111111391
6567111111111631491131111111292336111117858611619861221112111111111651621111111615735281552246651112366116682681111111594871157111114816629675694315111192185511187564111112196311111324657111154476114978
7611111111111119512881114417196524111156249563422265689211176377711157317121111165898389183981259194125167877341276116822765231125794817371951375652118518164411122111128281573286411174658118763721168333
5511167982915311185477112722298855761131898748458254824245118679411138474121539111396191414315966159166495344815429418999979111781226911211115762581421733463561181147223319913411113514396111128992591913
6311111937649457117761291118538764221111476421453399861484321191711163531111782456437353533839899116945575115674976718637143811353641111891259381313928821847311477118986526754227798757445393111917433459
8411112168411113531926686789515519362587776933464694719433369185671153632611166213177814798111698111248252636498789811489848811111111119411111838212471111116118826971111111664411956687427878254563223827
2351111111111111116251756447233856172437732896113111111111629332311215118211113928186146651185756364114931546471474311757661361111741111114111229515156212661114623397922935961184256851391711123869686518
2526111111129251763461154781111111159645962239111111111111111342745451628481211565311288591179346923113341911111168841551147776422146131123513559616871672277198589235611171111113947731944111811114261857
5542237248677912654462285211222222113437349511111167928766115453677911111111111111116596143125646274831562131122189195111273935221157111592937643991899111978938222179471116981581334414511744716981829482
2141985829496921114994385112111111111198873111155242493843377711821111112215296211939594976411314971429571111222182156427466136111187111989157579459811191191988132323111971967285942351168578113681195514
1273221218181111111118598912137486589164311116666438455872392672411111512218198422287111683445369526186211111232172664386517911122113714469143999797615966913968313611365147836411244211167249752914115433
9834173267833114651581143911112222432189981111641763511111321245111314312212998823711121418523163963111111611232124872757511112222116816765431144379511488147942117671375871556725896319392449358847117488
1252111116572511148937523491111155148168723611111111113944371825116474112117866751112221911216611111111561311222111111111111112332169111443831651776811419457962116934111181231482513515264116753939113946
6221111111112324341219459181371111511417121742817994371533827935145382111117959111222321151311111171541951112111111111111229612322136113483151631127678111666929148498528388596358719111956118587839183231
5361197869113622965877464421949785333739852612278341111111752634176698111138711122233321331111624497159251111175444341963111112221173111111579892729461661111111143354316352829766761513692911214621796272
1411147921811188817581711115697945171161826658791111111111111719146221114241112223333221111221111111141111111316311113711811222211782881884245111151382784475342635266215827111987736111158731112111824764
4211634818726147521927111211111921611111111186551111135261121298164811187711222322222211111111111122111221347927711992651112232119572665275541112158591698757889892538371117841111528351226255611137599952
5811642442364711621551121111116963112111112119931217827279111689375155661112222221111118523374731111111121111185283359111112332137712363599111222187511111111178991814113556423311225871764269827813236732
1711156876769613715155121337111388121188611211941111183644811444415639111122211111413932618744475159568111112111133729349712222111111111111122222173811313811113982771864416441115188782225695145167468196
7641145531112815867534111548112634121764911218351111166595414295495911122211112628997458657494352468414749211112111191611111111111112211111223221129911979182811823693617282393441754678732427823813531943
1121113111617124276158111149933551111118961118763181111364852543921112221114157556117111111111111111117232395611122111111111656148611114571232211448871485668661789218512124927686543699995147111111116495
3645111119212376721734456111679834712156673137294484135111527958411222111379396261111144273635311811111113551629112222188368624116235365111232115171631658544231765995671615111151399852333351136738151468
1263961927149511111117344753111925811115577119154125673258198921112221152474214119779273651885486726366711119919311122111311581111126188112222162623476474553541182594891111111852811311435219716885771596
7778394893289111111111128282529231134411168532511111111185576211222211817242911266617491934111192139745587113489554112211831653782928311122211139541715542452181322571111513788759758617395619814726111862
7739664746591111788621142965764867812991288318111111111115971912222119752871212911463131111115469879511111138435168311221118399695111112221115811784122617181817982991186289541916375569468816882654787511
2599186116481115748134197193111111111852786431121438631214356112221116588296621298884111221178885611168484771167631491122211361452111222111658491731111641198746914923118911119476411111754979162794168928
9553121263582111625317844131111181111111114435121833161116611122211838368697313747151122221427487187859224691111113573112221736265621111124855386911591131318147588933511111384952142929112693877579371975
5716316316292911117452141664111797453111196746121125151131321223219143111149215781411223321134792111741645471164911787111221111831213117512946266811881311823842137195774692714411679397911956545961879767
3152149737759799411112296792111167117981112578112162511132311233213132111131371324312233322117232699611178311753438944441222211178848511925315872811111581118433883811111529765818614133118619282111111127
1622138372589597116998742779211117884894512284911111611164112233219872317278511218812233332211111111111951111652367494391123222111111111112871481247141546175754131156621111327318457551159965591716871193
3471128421111193546716111456749811111177542146261184711455912333213471839597976329911223333222222222221169411358632341436123332222222222211171399439511295115324112879699111192135573246422517119468761136
7391173471212523911111112517824332245316974137586387311379612333219371115758468321991122223333333222111111111792951162172123322222222211111999838129278964415812115419917611195529942935177958256775411183
4531128811215157311119527466772882981691115558777385221658812222211111111111358479721111122222222211131112212189834111283123321111111115865445581174974956813553828151177111891874443153518888596932315471
9461143121119211111422824812927291111111211111152681871767412211119618839611113675198661111221111111613912211578897811497123321495972358635357588851145195113443169581111131792375521111111513924443363825
7851135711159851117619825193971111222222222222111121395769612113948588692828111153199794971111398352931112221316496411483123321181295489711111111114911615172159816712259373625111111191111117447523247168
8961116111259858111923111127911222222111111122222111257491811186311125811642761111596597498931118111193912221128751511238123322162559958281313583118181111183337951174196944239114415361421118167318268664
1211411117384555411111135451112222111122429111122221118111115911111983416773516811115272174146227191962111111645678111217123332111391863138125386211154944523425111111111991431147916923171115653111167384
6383551166712139592783927161122221118535349659111122211112211111134157119466215491111114166266463833111111811918425114966123432221175826482843188211168658342111111162111185421674781461111751751112111997
6628543929113794486339285321223211686511111143167111122222215945255857113511125917541111111111111111111117711662211189227123433322117247781172871171878739162189493754281169861881441111383715961411761194
4765657141138711267479836711233215235141682348327457111122211175852352113674619327162891221111111111143385118766411187861123332222211229826331114379953811582127778678111493961864783556652859211148971123
1669316191985211412215488311223211571917574115288182575111111111292416814523118768691111211576981644325631112166117998611222222111111116197616113767811183968116348211169677483612541111111841718854811163
7559627311766211392416842931122211463911111111167467944673456579196119266851111721111121115777517615763311119961185918612232111147229176116835321111112111966511873751122167419315511119711113595684471477
7522332611911111117134723934112221178351122222111169292986124731122386618333111111221111748218615343677131119511863852112332188315136811111111139432122221113344117524799834681283511483416116465846855518
6156131411112113131186611797911222117452111122222111192987787542798669111111122222111234188496465155824541118918756619122332136266516111172211186817123322211173211133531111111119817278641116167984279796
7225313362111143161114691659781112211155635111122222111111111111111111122222222332169385892351111194494571127348457911123332168717747116116611416541123333222112428124111111111119111939823195837311111715
2917311955939638281818111241929511111111165477111112222222222222222221111111112232111111111111119317221611653636493112223432111843337171216116196311223333332211185961141142972116381117935211311112111599
6216261157287774451551711551225551461111111977486111111111222111111111813732211222222222221111129434111172416555464122333332221111721238321132911112222222333221128911894348521112161341111521111196721184
4259711128387292921118111122122735282199968553158717176351111126829748399789651123333222111764321211114111112551611122222222221642133938118356141122221112343322119611123215111138444617947625918958791795
8961117116319123531111116151111111376226149959757787557568366311111111415971856123322211117793861117142411761792112211111111111162614511118515911222211312333332215211713511128915772111115188975441711784
4919593114236811368611143631111111113218711111117122117539179142216911756518781122221113616433111754911191597311122112625487931597245135221176112222114612222223215511996518579311111111111647787215255816
7717343111722341128341243511981221111669511111111448765175276723372117567511111222111456599411343121115242351112211169476232499297222836664411122211145712111123211477579591931111115671741563183487216185
1311761111657941118291359112929911152956611682611476153811118969461193281111222111132614741115978111233143561122118669468611111179259111811112222113664711171123221383589886361111511573171918798233512571
5571122111273117112138775144131212138253551195921129561119325671119563111222211126891699774362211328216895111211187981791474111285591741111222211149366111653123321524227591251111811359267219611111176481
1855611174119118112475661468112711187461563194546835111893512511814511122221119597721151528981115481189871122117246211511114943113881111222221111197341113895123321497211811113111138991186396311191111951
4316866216328811115573871353751111114111111597426354111273541185491112222111781597813111117791628113896111221175129519879377776111111222221111813113581115568123321766191112176931111111186838114751691155
1368297864529961853854268852341142749111111545572241196991118995111222211159574139659112216331111678511122221332936116893111111122222221111923611115611132261123321739511122112181134952632236112318311134
4791662193762169788449243914484862681119211163921911124111647951122221117982597975454112119558482981112222221111111111111122222222211111351377112769111163191223321641112222219867936212251699131887951186
9817861615162411232752252396734218371873912164613524111432236911222211585163171954279121168127411411111111222222222222222222211111114633315611122991111883561233321111222333211149511111112545211981581188
5963511717131736618922615947417269461967912118156181648547921112221115979418378816111111371877111111846611222222222211111111119734928619111111224111112214611234322222222223221794111162291862117995111234
5841551257141196118218111111111377545339211192356914767143211222211512111173133513121119415311113361327111221111111112912741551212495648139225671111384775112234333222111123321196112499131117922742859287
4875431172123161111771126119741153615572511228524241441253112222119296116975811461111267691111168682111111111126549745985544111111111994714341111116189911122333322211126123322196113286537271411152353119
3986361137125113591168255194341151145262312414197111186511122221199681194883177811151879711191227111111111295823876411321111111111111111641111118244641112223322221111138123332186111116823873948311166825
5711871125114219431111164147711631195585511991111134191411222211314111227111795113367651111836181121118488187869156111721242176817112215791112624779111222333221111887452123432163911117858931844611113633
3821611456114919857111215921111694472114876111289135138312232115875117124112291118682711119977111111127186441723829111988869185857412119145483356851111112332211737298735123432166843287777137436314211565
2561115271511116517634111111669373121514513811629621128112322149261192411111111619541911187891121127211325411122211151989311169436111153731174176111117612322114919891126123432113276649363467182154491385
5637928372511146292625481978549181138511817511913431213122321176431217111883459691194111541211211751361194115589113566711531677611117682243952461119732112221193111361189123432145765271111112855162871338
1653174519328217134762487132854211111831113411552815595123321111119375115925256786492111115112216798815565112991116855146651111111352896676263111187391122211279115111133123332114171111927531183724497497
4151188643582248911858111647371111987161541271111145161123321113587751112946729111861115573122112816118181185811991483811111111146725995375711111896211222118631711451171123322182411653346171154638339981
4741242614281517681994541911131611852111498942636594971223321415998631119265632113151216451122139361145571547911224112632284741198866791111111435815112221143669811131541123321148114452869411936698951173
2411698116327465951164321361874241111118169717681285781233321746923248111542691135621212691222133261155351618914342311865534851115111111111179289611122211695425212111981223221773118531771113897964655223
5111631181313857772111155911632732975665657914154393881234321739111119811166111133251214831122118811176321818211456341124418211111111111849893581112222111127684111111571233211559916183626971441111111653
8321111118511718181221111112159737178529683153138273981234321641681116189111112175951118349122116884111731124616624623854941111451937145911128561122221181111711123911311232213688111924655787111652611193
3535611952111141112916217878582427937142281161511356221233321483443114957477121674536114643112218896411283141813811111111111142583911111126122111222111873777811227738712232112155141112472811167973112675
6899345466111758191456966988211241735197411133411953861223321666111116274224637116761111191711211868321111147218881111111499591125112917879911122221159241929811178538112322174424487874296113717771233287
6267172591154321128272169648882311137115291111271164661123321391111117111111111112127711195521121151435811147712283258189671287929988798431112222111657412367651115391122221149231119796941145953714548982
8525389311116311284928111531184481113818732711111158661123321113117345211498111829277171115377112119378885833119525191111111283562314128111222211188959116511111129511222211879111111184311794338584654319
9211691336111111731587619719158811117732344152414683494123322193111893919841954234149951111421111111111915923485742111119821162881934111122221112327361485118453386112222112751112556117711733451851671748
5712558969717873633322811577511111656191494884796271212122332113711117661276449819115861571111462122211115945763449714588767489771111122222111295911188281822683311122221179251173734211831111111118335617
8116932782765666615327412514227111199183111124111113861112222211381197797998118385111784818411111123222211111585247745978951111111222222111124716294611435651399111222211247819177588921126191254611111478
5133544523319297154839116871826926351886216959134341119211122221215166845756911663911168383146111122222222221111111111111111222222222111197127521228211774245651122221117241327114216631125167496211471987
9111273411645861175111115827916967111198787569972855116717112221132325645256711189421111194171216111111122222222222222222222222111111132316761111145811376698111222111761677347113613651147915392214941111
7268155115139594111111747256967214351112921289641111115953211222111336112994521111946171111141287414413111111111112221112111111129693214191711111982511965711122222145412271111111211111174464474173991147
7439521388116922611418878199576261766111111111111171127125151122221154111124313111114656113392711111184249112955211111711118862533396299611111111332116441112222211161254111111641623911886131498146941146
4551511845911131629363951256245215963768767162221777167188965112222111122111251411111111118473124691111111111193964293372311111181377611112111669481379111222221111768111936115627464169172191861541131811
3862271141265191119485281189771128931299111322173242123211791511122222222221111323288111142925684297644851221371311111111111724953511112211157815212111122222111833311388241145572957272971341181918411944
2641666111618318362262848111119565771473511961998111115511268451111222333322221111513912842499211111111111111626114871111524842411112211113617341111122222211129144116165233819736257271992697134611189279
1511173111175866525418514775111652311111111154261951981111369411781112222333322221111133935782933341111111151656236282168321111112222214421911111222222221115997411152449746371948111111199483111111639483
5146111878819397821111111571813593187167211711411598699634152715747611112234333322222111111127569653513336695678141511111111222222333211111112222232211111467273511111117482526111119991637853265344264986
6324111662256468311826267418893294335654149786969199956191985548328274211234444333332222222111111111111111111111111112222222233333343222222222333332116573163636282697426634711113648163968194581111111632
9748561518283949291172471398116188858821641571521171161531315626472942881233333333333333332222222222222222222222222222333333333333333333333333333332176935697989794218375719691115819541115635988111921821
9693771181183641159111199461516315511111111111111111111111111111111111111222222222222222222222222222222222222222222222222222222222222222222222222222111111111111111111111141653111111113946487628117111511
2325811165127569166128111118448713349462511111111111111111111111111111111111111111111111111111111111111111111111111111111111111111111111111111111111111111111111111118111626895942388416818653141142712854
4981161893137187413787453574638317126459462112899529523274712846756996851317153685562969393746376559433132635784941729478581445455395556958157532852364622185795117174862164535359661111111115591133576938
5271112666711486162717248976299263951311771735591111111178671111113287218991461111686562818911111664714317945859475821991111123841758673111166952352649111111115729372111111157912411477341611375113245894
7339448295711111151529691112739127628198114238116746111117611141411119719711111111111249241181628111658244291119222428111111111114996111111111164445911111184211766541149741112129114137887631911119267419
9861486711688151138736672511113343988112391251682599561113117346471192947152739499121245511897599213974615776975115321186524781116881126854439115141811177286733438295437589114653114549711111265333913427
1231419389476441966185915474112981111861111831838141111258141361111815292176645411111922311458839176177471111962117691164454142748261272296991199121114143997123645987185569814812311114111186564472322298
4384144496835167771194758111167421115698119823979646138361231111375246238124111111931461898282953594714854111692211557113674323568291374711251811123111483111979814386138441212481131192618127662256231925
3631449311615943151331147376662986161171115281385515986481519427351189878528712552591346189781963611111199731153174481151685684138896916911731276321716711179822671249572239443574954673298819521111117837
5691467196331711589557411432412395683583366572632661671381678558369725496717218636644528579684624114632211745966995498894499627144682639771111146554395512425212911331559562112776352116587897371192211879
9771723261287187871416781919316111111155928444862911111111132281165111111662185111973121111111787165859451754475181719462173514134961511697887211118779118381754661114889113242639129811221616639868111221
2751567196653194814683811998644238177523111111897539194834211247117775561116823115933711475811727914314564145414371488995898381118982133125481122116288119794558878311139199643132319941696581597661611569
1881156725561266551183118837537849334979931118337344795915114836551142491115248425112958951119294457524585489241652623752795578114737146627132111114626911175118764231111196335211344211329793193789112785
2976111111113373595111195166799411111111122844114881111111546942386311111151727677391111111195725555466494961796111111111963316881111144385626221627365612111142136238492697195772511253752612711111156869
