1
17
16
18
19
13

245076
5616
550549
418799
892150
737342
809484
662729
58916
934678
714854
35098
685180
501436
287657
591469
4623
719030
127680
461747
812369
964137
8472
562342
610031
746877
862290
393771
552245
745616
1643
289184
454895
561697
774233
918186
630998
314235
910635
195464
501
879764
440679
694517
266224
9086
206210
852793
1003
245334
615307
150006
7911
500807
853807
682247
3146
5982
86954
39369

5079464169
10295341204
13644566611
18688408852
44998237065
57395904284
61685129587
92453459293
94217673775
99699895443
129105243280
213464279452
273087461716
399355960157
524408700320
554054601341
602714866632
689103135043
796181717152
831928194604
991715112831
1023583603285
1271520940228
1438828339149
1642661218979
1688892579132
2028872534200
2158955059794
2237822690488
2385563190978
2481192961730
2919130033948
2984743273102
3004106330948
3105499848574
3161332723030
3222250877694
3302226688838
3316210200327
3470034815956
3800793496741
3905734637837
4003896436035
4139012964974
4231838109051
4283695515812
4295156190578
4456481846118
4501696211680
4557256795705
4598025310995
4695793291510
4950945291136
4960765024960
4976734087721
4982784998527
5120314188166
5128987648019
5188724333013
5222315871499
5276262986574
5535283692443
5577824408931
5590600928845
5674052475833
5696697931719
6091021035331
6153316002760
6164673108496
6618015553470
6680509448035
6702293252155
6704014912412
6728457168891
6832239827191
7068305005489
7078444737016
7280868172466
7285178707457
7430005279269
7651510551657
7665091079519
7781968616894
7789425522179
7795118102066
8051599346143
8099887906784
8102335723583
8119074302373
8606320920846
8766321095867
8846343680474
8856367215767
8920194177420
9199598724302
9296067354533
9388868198345
9400590132562
9816381935115
9979397881320
