5989229925456155121331657341534
1588929384269573575575588569965
1423949931193646149549645162255
1142668335511614277258861433522
8282885196697252987811752414593
2598851221563948857686483296795
7616945856633768336558999842945
7314454435427852963456812337289
9988249961589125223927859519551
6619327739643563232935984268639
6158947524765853526275491217419
2789412623968554111436651333892
7285295835253372128994637113859
5479161568159959362741371687917
9629768394146395389793467556451
451577848744576@549915763723241
9292319718595376542592558581557
3565959548578571229978271526418
4772343954485787467925999719224
3768631817229384647913818846631
8865758511274329676259129662547
9154166984856564119482885973678
8536817254919977555917889511684
2675893338988848297488631928598
3697711555416343432512328416342
2641677854418751229387179664219
1735717911299935779194357315868
7528747865128667791182479623866
6816799636956942875967956855143
6139255621965521162272331487286
5255654695975825761253268585355

21351441887542253162262862685341223251416875717572171585272455668256353532154127626138768677361366552
21155675581865171564432112713574718131512744718126668812478488374757358487126333672278127882324356666
64551857555287287655747113743733844243458632664656885423523125281787237426745666441561324125566482324
41612386226645127467414443426656553455577525826262587426428745587863465413155272455771643387818522132
15874122664384148581741761476614354532418187248414835833757733681121664617757425374334326812222451611
26368488481126254328877683712468121437542471364578877286775848564723733861254611348325731363281822611
47538843814376121844567261617428465382475871331125417338225338126561788671681671486325662638634533188
64135863471561332733381846457848282857761176257511452681112315623482154614464563884233616644773862228
65543168672634254767756142681325111488867476688576586373717244438317158738762146123544148313882246317
38625454647821357686221146622415315332356847817538613848768384747557784154485622542827651128611644482
12725845318727162231468175715111766446615425351641414211827142163625453854333376446411565746241524528
46737443343813663161317611417257212368877184846696446984654851348755631551137657371543386575321514355
64523858313742682365663166325611462632349554948957686544758777864836712724483855437361658886353186883
16351454532321551513216712168445473768479577456947576454976957578536178636748174433321242522326773238
71251332456774754716133166676735238569564959559587777899757449447498355453417821878364858422837512216
71873846438232182625118477472256849589865897574885775569986974849884486428728472452411482316325764676
41654714382544854761747636145579786885594994944759575559949557764875876948632751681445114745445835827
36464711357382335658766326527468487779896786657984988445749899878545445887844813725726112541535325555
45445676537327674144734557366658489969995865755896565777688855959495494858933222248158116721423521232
33642548614667211448351772478674988547488968588955699885666769855444466788458411823145564171465426761
12273216245381674183283274976858554655677459699946669744597479975946548674797185882576428676867512541
33862886873764671645543758559484846464867547468955979559874986698765974946694458457834182423212541413
75456128828143872825515594794765966855868958749576998776555997688779755986449675218176454382373366163
36618746372851546333785684879479948886964688549796965658548785989599986677694587923486278817716454628
42752832133683883136286888549668898977969657988575557798666747584969574789864766835234528264187668136
17767655561383743448655449744767798955649659554857885644549567994659485544848587995532838878853846211
84333221217687166154989956669748685786694556846589547797556694746459674685444556689784585463166462565
21813516223516257849569575555757598996998766568474547786584946688484597555687585445933112482752233728
55233837331788172758597667965946448965497658746968778965569974447458454658745966988571137775757138661
61655642885422517799854696557875655469485966869859848755568579788745679648667444796877351686861143272
31782162757864546889554686495565598569458674579956876955757844947588569794667568647964671416446552485
24536866328841428784588456776986496678569684657595999586994744756845945555684565596488174335171182115
27636446136253594896687689755678966866647776747599475546674756555846447557558889979779522548234684871
12171246251511476868789896448878684748767566558765664897554658875898454799857778456487777671276657431
62444455613732776564645768796847997464685449696975979485879895779754584794789676499498451341454537355
77777644836824475886658969849489967965785958794466975954494977476768947469564956576454895181154132672
52747455226666949746665664486444868454847859749999849857654758564476568577997976497574668327812466257
71315855567369985754869464776558449744469698469789455757887694688447996759748794798746865128126337882
53237272644678468786584784896955994466457457679799957858686649657975657649994986858974876863245371118
16764172486586844479467868599967788888849578997667777957665478749697799555556465668769747472515564346
42267482748654894447869994568475455677445754575457976686649696559948869764568885948779544963884522716
73251664746369967878877857879784554787667684854846789998847499794664889455446789886574684773254351235
54464364617398596964678857495647456885556759988978464774856886786677755464895969798598446532663877821
53426685278786485556987777554766875667698475648454768495668649684997978984774669984984668866382123654
52833874561466477865574975565689644856856685764968756959966898854955695977765779879556965854255573424
47138611238574698689569448654968855848859578677744459858876665874694577696854574679677479896352256581
51774551887875495596596775968868874697759567874757786855599685986774546884768957975545878686818311761
74422343386979966659548964748888749785798986475676876896785468997755965847687966685655477441863451761
36223744541465564675497456984844567874798494599766794668674758948949898767556598446878658557815263152
31368832213467569544579445577856875449759996645959575586485545566979567896799667549756548963174663667
27632664148775548765769548856859748987899498974495@65968546645495474676656489778678557657741612847487
47716744314455549498646888898867755695974648775999689447495645967777896484496888644686895564637585383
66385443777799579687446945464899996799955497546965856556988497699695974479487945847677664457587664361
23754845731758985994594765479756488769978497474697489678479477774976457657665858778958956798858734267
27576321318586778776474498955494948867879954695576877675887667769444765876888485747458555765557132351
35844145666895694689795899567695544855794865988587659899764958677784986567949475469465656563185871247
45314742872948564844587969646994955478689777578776685777576847557687456948884949475474696681425578438
74145682587454455748795666687749654576768758789796849895584557596655466846777989786698975445174225866
12721358416758796789595799968778767974479885974465875568745556756964847595989689468956647897718125885
16171258126187846567488865786646798489658886447549475676566554699584576458765999948778985517477748337
82136188718596559946646957689849744469646579559976596956788587967654675757646665759896678624577286462
38457578858398795554587889878759584889597788584578947498494574679775599678678895896998999943667461572
62551347243898947964466659987574959957696666889776486486977885775749859449586748959644494443456412483
35714333274358977747494649977686444458448966649968847484958655775756669459855765694558646717635112362
67285242771266579795669694855599656975978588875476497884749488478889887897946944584555784436512668664
68585313244437758649647559665664874499557447845649754696655586978496558746758656466574767828216248151
52172581351812874546785658674697654469868968658888879466766464989687567556477898479785787783543477425
27256861135538559477985795585745649999556576555774794694775867965889958947474474774984485881817751841
71367847163747755789568655997648468849759854574959577989655476646858646849458948595599531464547217163
13772385444676548964595699797486776979877584868484688696555859755984975588464689659848671254551754421
35866886357325268799745759759577658485666789684697678978777544946867598559476749895574283626237168645
38711556253574688789786869865764446548866966959494885554996879976464667688757564869985434266438517536
22772616152474663475446457854476865888967446895874786797754645748569446896448489759856578455648783676
37615685624228862775987854658887457479757896559644594969966746489686596676575944596593254441777121444
16314648314377775189875767688787594598867696969746866688674757494545558474994796896776685881782272375
21346717768714845517677799965458875779578784565764956789956649785756479646984656954337137571827732212
31828668741166415782679944549485768569497586485885857644679974996884985464674545655112784551743483112
56837252888581633244494599554969496767494545769997856867595487744558977745648675432856757144755874838
82177875738123344177397559675595445997474967985768587857557594489887776788787698545414473587528188645
15624175445718314844684675444975567884495997645994689695645658755796878998565564218743125131234532573
45656855818228326715486664597987797786975688694646484746976775989867695854445581837424754667525381612
65322272531118284832315179568858658947656968897954689479674786657984859598974511277444254343764465176
14216542144868552145562572858687684649748866777559558455549487499687647888654423131764887417781757456
58215374745887363465221514697758856554958865897899784996864969664657848878582358255223385411387633717
78373141418724417518378271336596955885655494559447797965564877655746644654882442575632511745287463681
21134158536736236855811353672178547575876955655449445488547745474564996664724641264573411476663451714
77544783835112731312755138346283799586496557478799689578478888554669968275887876457131266357844776172
44777168225517663868857534317333439959646977896889457578657474668699136174782818268327616132384251357
77871413226786415653715477173245418476887954555487488678499647498986541721628214115757417736762864463
15717145265775815322631812644137845137158477555745476675849456912278218524321377115547451461238842561
36337186346816818453577554486256486313131529987794598564466562387167486122368812446623355213571661166
86265847768463866471248731231267336141512282458488137123263378342413417712125168836461342815587347211
87575513832431173468126211783565811846415525314138717642534221852612633733486618345846474227813582446
78812416485455172214762124438168327255716212784663333247358448232314541287185815533612638585718761353
14123747363273562522617161247444775283585376375874482258464726131542784627331717777633558748318555442
61448255764651281351627418855384175113877736451185658226854162611245627836117438353436436848721141484
33835644351525311625826472575855511858476143463747344718376415285166673265582482482616821553261323771
11732335128683577371772274678485185855641833152263476524723375337284284262563253812753716241222457412
61357435763454537568624662187463121243567737833143783158738828647673883651725678153532875417717786826
42367131345546541537578641584316826553675524218664653672751471513744812468883315662384475313357241231
51125834351536875286318575647547311668578316226658542444363583684667457785425318634356168883566513512

7686656467775677548764674785485778866676666564557744546537466376346634454664534345343767457537453633647784745487558888454885586584668748755857874684675
8767647876858768588676556756848847575487877668665635445443774547454734535577445445537746777774367746335357657858585755874457646766778578445667865886585
6856455575654456657664446676484857665476844456343733463664747633653563535734757535756677533675353663565536467567766545545666674785884845888864756765577
7866564668857674788564865887646764764674666553464636556667564633636633746353546657745554634534757344346574437486668688748755855544558565466844478557776
8675676544676565487878586588588664784557667777777445536343574647375367757555357665443757737474476777457375337646488468665654667555454467787754844888666
6486756868577584878648455787847767656463437657443573564667565757747766463466546336667753547746343455756767644747586864678787854677865685556547488658875
6655846777468847446674788477688454473434365776744637373475634566444665366373355636367434334454454675643677753465356485764846755448747887866645455758678
4666877477755768554777587486765578537557364554465454774537736463764477656444365534745564657644335566353434675474575475765875855764786575744784465668664
4888745487858688477456858557456565554467553764477673673444657343733443537111111143347563544535546544546544536655574353646476754547587588756676676567584
4856577758668676476875746588845437756767637735666664366665336334775741111199999113464775537544536643743337773444676536645685586875468464856886864464646
667774744557665468664564478648736474646544737367764455535364556776466199911S999916677475543533557766554535556434357674557878755877868788558655467568577
8465568455477746547848484555634767563643644374453663666366343636747471999999999917543754434463354557436675734744655764335454654664764748884748646575756
6444488687584578448845648767357557533575543633756435366567534757667551999999999914734563756753477766657764675343674436376755748448466776745857685575588
4457885578587746776755656433464357677466356747564645673755636373337356677999999317576467443743476666777563667573676773657543757657776688766456886668877
8654445854885656687787575577675445374543744674577467546774646575345565356399997514533653474363545347577677344437544737763443467574545647468457785567845
8758847478847776468456776533735733446565554645765457365353776737534434434764644573774755654475347676567633365675575477557657567678565854746746747444586
6784786644465544886467555353563656546656337344746436545464654554347433356435677737754475544534747656434344755577475666447475637778565586874645747454464
6886648466465457545644775634636373455457744634654673363574764353464476566475345777664635573433747334763566575364764554636334363667854546664775565545748
6476447685577867774843436366633364673466733344647554537554657577564765337464633563774574673766653544366576555543553777774355773565368784465456885576468
8645864568645674787436365673544677335663366747355454554465655646543675545354365675556554663765646557564636774376335446674735344435348588546776577488887
6856767458487448863777774365355776765764654546554677535647355655663745446455474336757473757747747653476476735366567337735666734737664558558556765544864
5855665887768668476637556567675336364343533335356675633367374346365367747565735766457665544666644576634444433373664646366674676673543688858686656468767
6577647877864745735743653574773464643575375444673775543575434577664553555545677663333577564454464765574746554636656343455575477477766764656855668585644
7448786764645883765464345473366556435576366747567544475376453537645453433355333532442536674766674355655347776434644564565475745773343677747684467664577
6544778454488566757434643573446356743345574735456536533557343445345556223334633563254535266476574367554646766464465656744463746767737363366546886744845
8784485575678845334464554565334553364577773763665757647467465662524544453543555245243554566324376745365635535454565765336665535733636673778886576444846
4568584455884377766735463734644656736447434654354654567453243425436564535562462355365643333535263767633766666453545565337564775353347766568677885668568
8658867858583745563367655644567563353564447346567453463654554326245345342422255656653355253554346653354555565764543675544443766575635564343675688876575
7584858865665553533366663657764746356473353646734455326443564433225324436353244324323552325555365645757633347646477777564744636437364543656568647666578
5466776464447543664345537643334637345677455535743536463355535622636225445664255263445366223244654545456577764346454355664634763735775344563757666478576
5868864665776546435467734676736556365777436365646563324565244234245664655432524222244455264462455265654275376546534476744453655766333363554557876548867
7876765853554747345455375573775653436656767577663423553566654662523462562443546624262523362465662543436235364756355465536736776446736547377655774865578
5668644673647345645575746356645637774537753754246336322352426265362432244234452454644456555562254432426553346336736567437375443355476564643654644744746
4668544667776366653463767656757734646773566665664554232466324433263332452526242343523453265434326536535244345375633366573766643747636333445747664556774
7586677537737543533536543576466646464757452666224264654536633654442255354646256366236623353233634664225634323436677435436647746754364763344656468686656
7677754373463753335554453743653554466443364553244642665345443542363443543334556363262363644462243243465543533656376676577577464465355366576744554857845
7684755735747437775675644737774746565476244224535366356654464233652562332643666543425422256655644624536565365235465766343544344545344347767443545654875
6857666673636453347573457746633634447665366244433453445366462464352453333546444566262356324466346234532626363432356433777434566736577363737343377756587
6468565376733444567454463763456666555356645363434564226354455346225354643645522653342626432453652662542343424346466343555354666437766745433657435466654
8485835437655545347754664545544573435656623462235325644244226334646525534526535344435456223464346355253536623224425757473746747373444344636755634667467
5645344533543536756656364643366567645442426325462643362352663453646523322226666553544454354454652642262334245635256367654536434535434364665544657437744
7748566537334543534464557374677373425236543332663654665435446436453363522535223462526432556452632222336435646236626537376367653355666657477566666334688
4476343465754445776364673577477545464244325244352635422344652664263356522356224423256226565432236245224656333366324563757355367347377447666634555556544
6783743344363657344776475646436444664655336566434644345446423342322536446534565625622333522544643225253353353362563665646663446445343465746474764364668
4654654477745543477344665364544334255536466244532265564236664335456232452452536633634332322546232436522244452434666536636633553677647774534753745575346
7876476446434654437464575773657522252363332434555522332425323423623645244366263462264642224364236553236366426644466435476763433756663763353777634556447
7647574357557535336644374536656362535333534223562222536323265634655336362545562365266355456242343356636566452664622323624663474574674546435557765665374
8557455677746567454476746636645422466623525655262352454252445446356342444246353236463544542236324526435242442343666634625544634645766744355433543535637
4375575655745535654467674733535465634463653245424243562353446236655432262253246436435253662265265434432636242542454443545376363345574566633365354533457
6655774446673556473747437333353652635234664356452622434242345224426332342434325254325346525664636452462544554336632242425354345676454533444635644574553
7474757547534564376533664765455655354563655253545533625452242334365252523544322434226353343466546636345643564262362452465273736355355657334535534344555
7647674376554466376665636545466362333244444244355262524365335354552523443223234252255332564646452342466535326463644236645464734354455455635466567555767
4354747443365656345544365665542533625536336543464663352653524443452354453445242423244255256453265556335366462235432434346435733545434773644373674647554
4457733645364753457676547552245563626343442466645633334544362445353525522353224324452342336255323355265562256643655252464452535436656474737754645554775
3346446357663546763333343562352264532234456266244554255232543254323233554333332522245324532252642642345666533326322343643352333566355465737737334437537
5665445365735766657365775654255424443425333532566622333645544322435453543323422422335552434242246624244452356264232664623223453377465653377373346336444
6446564546355534773435464463262565365252466554464322534524325353452242523535342325352354443524453463633433643522336256522224653464556576436574747376566
5734467736665533663534663456526666524645262653563444653223325252422245433343354224325424535223232364463462645626363464335545636645674446643566374745734
4474776665775536536757373423336262532523226353566635642554444422432545354254254224234245424554542555233253646633646635424224223535455363675365364747737
5757357364463533343467337255232433623542322422534244365254452344452552553245435435535552244422223332662234432355366366536433254646757777346633436433657
7665757664633457574654536242635242355233334553222254444334524355423433553353233543333324242525533435446234645436325552556253226366647335473573763377364
3553775554333536354634732363643565654246533222354562242344354223532523552252254233452254544255533452256224326555423255622655522437753745433634374654465
5657655675565456434744552554624445224636366333244624225243443454525353544224554244353242352432442532342546224442522422236223444454343736374334653563636
5365576557765367447745452245624535223543624624242354324324223425323523452222454343524255532352233552464343223435655256444355254435654656544546653367457
7475345336545554433553736363235642463246534646533243222525543555244552424333323355243524522334433523665234533536246443333436435535665346346455356653564
6645366577664457747335742535465433246336532665544462355234342344234333255355424355233552334455335253646226542266234323642564332234463434434574765775673
4476677733735466757555745555462235533435543442565563425343244334533455234553335324232544523253423354233634432625432226545536222436746446565733434354536
6433337657736537365735643346366242255453636653265353452323554553452255524523242422354344543224525224436263526522553532266242556654363475556747475476345
6745347634335354364364636343554466333252634662635442553533245435322532343254454552444543222543335232346536624644645323534562534447435355734743445777757
7536357466456373734477444635336365656346544635523542454324353355244442232252223432323422222422555442565555433526236526352542523446475667373465656577647
3343765357677636577634625666566523562322532424465522553224255255335255325545234544555325243325542535532253546365642436262535544275776667644375474566574
5673445465633675437664332535532463452242433223436333352354344332454422344223425533234433343422544542342362554426544555442354362265654737577355667563336
6446754646437565643646363323234436624646533556233532352424433453455253222325452253533225544455454345556236624523424234226556464457647636755436754667755
5773356736543466443567422436532354366245365224653452425542533334322454325424523253444424245532355533353333254656434245432225336433576357457336756563576
5434777746467554367666624655342555656534556353623422522343225543445453355254353235543453424525423243245525523434232522325643442627436334455454457354435
463375343735573657675765235634435446252342233634425423343432443422445235254@453252343352555255333332334423326562444553644226346445374637455754666754366
5556554443336756747574426363624556366623244326323423445234455345354345224399925334543544545342534445253453536234464665426642646246666763577433755466475
3774773773363655675353724535354455346444233452254235254333424552432454233599954353444535524243253233356662664445624243364355336377734334757736676434376
6533437757735447477466366643363562234346565264556435553445234433334444324299953534344543432553335442356223424644453234242253633344476636543736377646734
5656365453465466674753646666523263243534323223255534533554353554444352545299924352353354223344234432225642622462366543443432332665747335645634364374755
7474566443365635337547746624522335322354226553662425222252225342333443532599953242553522343344443453223353566656554643634243242234466454643453743676434
5334736454354754577375452664622332253235543346344655434524342342325253333599935425352224235334333543535352226525363552642233545644736754563536555464553
7737774753637473634656533245222264635664256254423353325325323532555323223399945544223322325523553444352343656434263255455335665245647665443373446446547
5467364434444366437657525234446535263254322335634655254245523535424224524599954454344445243442443523352626364264266465436325424377653454457576544637644
5553776776463746445673762534253433462633533223445453533222423325223424344299952342545434253223234333363642636265543662223524325263736443635553557447463
5737367543437467375653344355643645463654325463222552334225443224532243525499952242432325353254344254262452534646254624262622546534355677357677554564473
6435457455765754653444474332522624323666224524432452443454223555243432252299922332554235242342543252626364452532252423255636225633445533643546744537753
4736657554337646474754463333455254362642226643222533343252524234235335445599922224252323555454232353455266364335335654436643324367674734366555664376463
6436547543647755457577566453234264433634323652266634255233324243233343222599955432244454222522453434523262452364234343536426454756753563377775573656555
6337537347346347544766473222563263626643653632655234222322454444455333323499954455252424422232543224453655634462424364524324665757566667446335343536365
5753375647674534375635747323542562335665236432624335653434554424434244332399923353422332232342342236335353444466646222453655645633534667465747376634653
4454546457736656376377556626244464524645456645263244653532544534345344454499924435445435444232443365536333464324242565242224244754573475776776355345573
6475664333656433744744765363555656255235266363546525526245453323245245532499934432552442433324526535364533456436642542326554537763553576536745637767566
3665537535764647575745356526636232352635654253542556255654244325453325343299952332524543255222553353442352243542262466524344255344337753457563766755774
6445564544733745353356647333563362532223633564262444545464444424522434522299952554242322355552536532465565243553646236624536237674776666673775433636355
6475337555745336733547746346236464335423264532622364653652245225542253342399955245445333253552563453344555634422564353263544563644665664674437656766366
3766333633656666477656564436523444366644243254223233656634342245235533532499942234345235325445424454624354366532656356322523635336647634753355333644544
4673576766766437567674464575455443346333334246535562334355663342423525432399943434324235353336642623324463525344545326543225777777467747346574354346347
4453767755537766367735755767242265326536642546362664453524325424342435453599942224223444324563244533245555335434523544633625467447566357535766466664756
7566544545333735333345667666546566364645364562566455633664642435553355443299942233432525562334525242655342245225623656564466554673533664644757547554663
6473347575443767345674346565556453666354345336623224626222455233324544224299934542426555424243326322252532422365255234422254747636434773337664335767376
3634356444733653773666663344765625263236225544244246433556524525522436532299935553566235463563556656626356633465442655644256643573336766364544456375453
4376777774465566634553755536653254253323253455233562422235453552663336355599925665533532526556442322525352423356344353432734633754345356754646453365775
7537445375643744336475565757636632553523523224646332533552665452456366565299944266224566232466535246556336563463666435556667366463376767335573365355746
8446675353534366773643647366747534423332452224324463226645434546245556546499932465444524322636422354663525664532442356363535345467455535757536356556565
4475444337747576374467546334465443554552532444553526222433326243246253552599962542224663643522645333253446342343554423277467456534753536464535564476678
8835363763375635735737666545433544556322326343656423536444454363422365526599952322656635555423644525434634356222633262253777364565434664345336346534778
6783446646334645567347775743557334526254453253363663254634542265625436633599945655353443654424245655555664636253223244443763546434653555774576574554876
8845576546546376335734443677343545234644536226263263555254325365352545654699955236345344435356323444553266464262436237446364536635673446736777474643458
7585537534447367465733453553667777325264656564644646554523336355235224552499955256462542534636235664224455665653322444554457665437354657366363345366486
8867536557657643446465357433565643474622562344342336255366552624432522365299936355666432266465645556662252252464443663657466774634557777355455646447455
4785847453737677536467347337534456447666424456645536235455463653325343224599955254562536353452464664355444344562624434343636663563654636334756433378686
4554554675765657477736476463446363567343625333465252352545233324256454545299956336262324525524566556564432365523655456356665567635744646546657467754745
6477645444364533467657346376565646576465454556266363363643343542232636253699925433646364443462325245566345432242473356445566653575543667346467337744678
5774875347566756356375535357746455773456636423636362552552652243354364466399923222442454565332564334524424236534663376366574745343667735753445545578566
6846466767556574453465464467574563436553322663334663433346454332455623554699952234662434446435656544466443323447376536637453776457536537566536558646888
8686574466747553353643365545764433643356563424434552462545563633664344432499955545333236634625263546625346366746454764535465455537647535733455678888787
6747587546337337474376457654356675677633353253555434634343452666232223663599924436434532522354256635452554527667657534374575547356654775343335677446664
8877456744566356477564553347356564466674666443326544234444533562655334526299936542235252326242465226425324263763463773766443376765456355577756784764487
5847855455353774347437546375377734677654573665424252432246535246453253336599964523456344346335625244252325656437774345335633366753755365547455887854847
4888665764545766767535567737655556653553757456452523354366253432446235554299942332225554246552453625426347336376447635464544655543576375763577777487478
6848574864567635553645747655544563577333477543737535345656453324245242546499933446455622244563422336255457766553543465466746575777553347765786764586457
8785654878733444363434743573345346777446535667336336642226326642543244522299962324656444453244324442536373766555664464346665766333355753753747855787585
6576745477863776374734635477546435473564337353554555426665622453464535452499953542344422455223552647753557376774476537643334543434776344646454887786748
4466677874675664744656473573733553445657636565547675746353653446235222443399953226423332244253654455467347635774545677364447456435366476356488454646848
4664574445778664476575367573564775575635356667556473564755333553254543425399956665642624423535565544565473756463354565735777775655454333375847447765567
6668674448868467577654765333365474447366777666557645554444753426255445243299964253322522323453343773344333765757737376366375335644763546444847757874655
7884484547556743476574746745676435557765745465557564546333735456423424665299952433462543755776575344747375557455335467764464737543646753445777854848774
8866656877787674354744464575534434376437466755567763565767676554677755765499947654354447343755474345577564457774477746473336345743637754567445676445446
5845864547588447643645776346576356657546536653334766664766776735466363375799946743636453745665437657463457733537735466654354363365646464867455467564665
5846544586688454775464674547443753676643677536556534764557666637574373475499955656575466637775437744634636563475457536753646674354456546666687574564846
4856588574854478487574463647337547773334737334445777675567576553557465467499937775563466656643554347664364376737765734757544335344344777587575676685876
5875465686554758677566345654573566574473666775555437735777475663557475666399966366534457637673576633544354767774366634543365474764378845845858554756868
6767858464484568556674436447447466376533444756635444356543354645653756675399953454355734674646447365457646475454537335674563457737665785865685476455877
6876458754455758577445677656653345673436365376547547774353346657465756435399953475774644657453676635744757657674533337647764744476548775778487775585856
6785657658577868484877676563373363477744475476534734544373675564355464633499956545635337576733466737676676567753556346666343455747478457745447587745866
7575656866546576745565673345435453357643454553756776644766763663665347336699976453464634734643775755564576474676434656754543654568685885476477684476455
6554586784688768776576574777643757555634754473636633433664564374657736346699966356646765573446643677475743737557464436464445647486765747758674465477586
8667776446858474458884585883356446367737363666545437575477473436564566534599955447446557677535435436464744645443467764746773767446655458447487777476757
6444765674757788575876787687754534575754744554557466647455366743666555573399947376537453734363736643376574734654363366355445666655674787686565687458566
7866854766475744645866754446683737556735474343477734733543376663346557753799966466333637473473467675636744364667653376664465756556564554775745784688855
7448465764455686566646555785744534533773366757637445734756357666354756477399943454657574763744454537455347476373563767577755786478867676578846655654565
5547745764777574556768448775778643466433536445744463543475364676765447353799944666756377466356664455733336556554677573757664765667567557657684467868675
5774474844768787548867778745845567736337345755377635467634637547664374776499956647675446473676657676446666545454536347547467587846874586777468456545674
5444488547566548688447776647486884544555673336657743555453434675565543353499944577577664575577736676565336736465455474854485876447656574875887757844677
6677688454686747876674854687755855547446734445445464557453644774777455367599954373564633633444335534546775657537356554777684656578757587775666885456775
4555454556655744656566757466786568544646343433337744476545545364636355465699966335647453766445755766737554647765575574584886587575868558685748556466587
8484784665655747786784575558478884748745647445667744374463666654635733756499964746474343455654476677566547764844557545576456886576757644577874577844848
4857555787678446658876766574888867857487874764743476356556747463347567345499936757455344367374636745643564347547757566576847864466678558886464878746456
7765654776584584758655746675466874787446456846634335754747737634574456746699976675535634374435476757674655758745676654674468488848886674568455578848554
4465468764768855466486575865848775586658645858565365657533477565436677473799955477577557375443355355458466875647858854567555465787778766878686644765885