1000
983
960
940
918
910
884
880
876
851
833
820
803
799
782
754
736
710
707
691
662
661
650
630
605
579
562
541
524
518
492
467
462
444
416
388
368
360
351
341
336
332
303
296
275
269
240
223
197
169

940
926
912
887
882
868
853
835
813
785
766
764
737
713
684
671
660
636
633
627
601
585
566
541
524
522
517
516
499
474
473
458
436
435
425
424
397
380
376
364
352
324
302
273
261
236
216
211
202
186

605
596|596
587|1761
580|580
564|1128
554|554
549|2196
533|533
528|1584
512|512
511|2044
500|500
486|1458
479|479
477|477
461|461
457|1371
449|449
445|1780
427|427
414|1242
399|399
393|393
380|380
369|738
356|356
349|1047
339|339
323|646
319|319
312|624
310|310
294|588
291|291
289|578
275|275
271|542
267|267
248|496
236|236
221|442
213|213
210|840
194|194
183|366
181|181
179|179
160|160
146|292
120