23:4,3,3,6,9,5,2,3,7,6,1,4,6,3,3,4,1,6,2,2,3,5,2,1,7,3,5,1,7,9

1:2,4,3,1,6,5,8,7,1,5,6,1,2,2,9,9,9,9,2,4,4,8,8,3,8,6,2,6,5,3
2:5,5,9,4,7,5,2,4,3,6,1,7,6,2,6,8,9,7,8,5,7,7,9,3,7,1,9,5,7,9
3:3,4,6,9,7,1,5,9,2,1,4,7,9,8,1,1,2,4,6,2,3,7,7,1,1,5,3,4,1,9
4:7,4,4,2,1,1,6,5,3,1,3,6,5,3,2,9,6,6,2,9,1,9,5,9,4,5,9,8,7,3
5:1,3,7,4,8,2,3,7,4,4,3,2,8,5,3,9,5,3,6,3,9,7,3,3,8,4,2,1,9,6
6:2,9,1,3,9,5,6,8,1,9,7,4,3,7,5,7,2,8,3,3,3,5,7,1,8,4,3,6,3,7
7:8,6,1,9,8,4,5,5,7,2,7,8,6,2,2,7,8,8,9,4,9,5,7,7,8,1,2,5,2,8
8:5,9,3,8,2,3,1,7,7,9,7,5,3,4,4,5,2,7,8,4,9,8,6,8,8,7,3,9,9,5
9:8,4,8,3,2,8,1,1,5,6,3,6,8,8,9,6,8,7,9,4,9,7,4,1,2,5,6,2,3,3
10:7,1,3,2,3,2,1,1,3,8,6,1,1,4,7,2,6,4,7,2,4,9,6,1,4,6,4,5,1,8
11:9,4,5,7,6,1,1,7,9,1,7,5,2,3,1,5,3,5,6,6,4,7,6,8,6,1,8,2,7,4
12:8,1,3,3,8,4,7,6,7,7,8,7,7,4,4,4,3,5,5,3,7,8,7,7,8,9,3,9,9,2
13:2,7,7,3,7,2,7,4,3,2,8,2,4,8,1,2,8,7,9,7,6,4,8,9,4,7,9,6,8,6
14:6,6,8,9,5,1,8,8,7,2,7,9,9,8,8,5,9,4,2,8,5,5,4,8,8,5,2,5,1,9
15:8,6,7,4,6,5,9,5,1,9,7,6,6,3,7,9,4,8,9,4,4,5,3,9,1,2,9,9,3,2
16:6,6,2,1,2,5,5,3,3,6,5,4,2,6,5,6,8,2,5,1,2,3,2,3,8,4,1,2,2,9
17:1,5,6,6,1,9,4,7,9,3,3,5,4,1,5,1,1,2,1,4,9,6,6,8,4,6,4,4,6,3
18:5,2,1,1,4,7,3,7,2,2,3,6,6,1,6,6,8,8,4,4,1,1,8,8,6,5,5,5,3,4
19:6,5,3,7,9,2,1,4,3,2,9,2,7,7,5,3,3,2,7,7,1,1,6,5,3,6,8,4,4,3
20:2,8,9,7,1,4,9,7,9,7,5,6,8,3,1,7,4,4,6,6,6,9,3,6,7,3,5,6,7,6
21:8,1,8,3,7,9,9,4,3,4,6,2,6,3,1,4,8,4,6,8,8,9,2,6,9,8,4,7,6,1
22:2,8,7,2,5,9,2,6,9,5,7,1,8,9,2,4,4,4,3,7,1,6,4,2,9,5,2,6,2,7
23:3,7,6,5,3,7,8,8,6,2,1,1,3,1,9,7,3,5,5,7,6,2,5,5,6,7,5,2,9,1
24:1,1,7,3,3,8,5,5,5,4,3,2,7,8,9,5,8,9,7,2,3,2,7,4,3,4,9,5,3,6
25:6,2,6,5,3,5,8,9,7,7,3,5,1,7,5,2,2,7,5,2,2,3,2,1,2,1,7,7,4,5
26:5,8,3,2,8,5,4,2,8,9,2,5,4,8,9,2,7,6,8,2,3,6,9,8,9,9,8,2,2,8
27:4,4,2,6,3,8,6,1,4,5,6,8,6,5,2,4,3,1,5,9,7,3,1,1,5,7,5,8,6,1
28:3,1,5,8,1,9,1,3,9,8,8,9,7,7,1,8,6,6,4,1,8,4,7,8,3,9,6,5,1,2
29:3,6,8,1,9,8,8,2,7,7,4,1,1,3,8,5,7,1,6,7,2,5,8,8,4,6,2,7,6,4
30:1,3,1,1,5,4,1,4,6,1,5,5,7,2,1,3,6,7,4,8,6,2,2,9,2,2,7,8,4,5
31:6,8,4,9,1,8,1,8,6,9,8,4,7,1,7,1,9,1,4,1,9,2,6,4,5,2,5,6,9,1
32:2,3,9,6,4,2,9,6,7,6,1,5,6,9,1,8,1,1,6,9,6,4,9,7,5,4,1,2,9,4
33:3,9,8,4,8,9,2,9,5,2,9,8,9,6,9,3,1,2,5,2,5,3,2,9,5,3,8,9,9,6
34:1,1,4,3,2,6,8,8,4,1,6,4,1,9,4,7,8,8,6,8,4,5,7,9,6,8,1,4,6,2
35:7,7,5,9,8,3,4,2,8,5,3,3,9,1,4,6,6,9,9,1,9,5,2,3,6,9,1,4,6,1
36:9,2,3,7,1,7,5,5,3,5,6,1,6,5,7,8,1,5,9,5,8,1,5,6,4,6,6,3,5,5
37:4,3,1,1,2,8,6,2,5,6,5,3,5,1,9,8,3,6,7,5,4,4,8,5,5,2,4,9,9,2
38:6,5,8,9,9,2,8,9,9,1,5,6,4,8,6,9,8,5,1,1,4,1,7,9,9,2,5,6,6,3
39:6,2,6,2,3,2,7,3,1,7,1,8,3,8,5,5,8,8,3,2,4,9,2,4,1,1,1,6,1,6
40:5,4,5,3,2,1,5,2,2,1,1,2,6,6,3,6,6,8,7,2,7,3,3,7,9,9,7,1,2,8
41:6,2,5,8,6,4,7,9,7,4,2,3,4,1,9,3,7,9,2,2,9,7,8,9,5,2,5,4,7,1
42:4,3,4,5,4,9,4,6,4,4,9,3,9,1,6,1,3,7,7,3,7,5,3,4,3,1,1,2,6,5
43:4,8,3,2,9,1,4,1,6,2,9,6,7,6,2,2,7,1,2,2,1,6,5,4,9,1,9,4,2,8
44:7,7,2,8,6,5,2,2,6,1,6,5,3,8,2,8,3,5,6,3,7,9,2,4,2,8,2,9,4,3
45:8,9,8,1,4,5,1,7,2,1,1,4,3,4,6,7,7,4,8,8,7,8,7,5,4,8,8,9,4,5
46:8,5,7,5,9,4,5,7,3,8,6,5,4,7,8,6,1,5,6,5,6,8,6,1,4,9,2,3,9,3
47:6,7,6,5,4,5,3,7,6,5,7,5,3,5,3,6,1,6,5,4,7,6,6,4,9,5,1,3,7,4
48:4,5,3,2,4,5,7,1,7,2,9,9,8,7,3,3,5,1,9,5,9,6,4,8,1,2,7,5,6,4
49:4,5,5,9,2,9,1,3,6,1,2,1,9,8,3,4,8,5,7,5,3,9,6,9,5,6,6,3,5,9
50:5,7,8,5,6,6,7,7,4,1,3,8,3,7,2,4,6,3,2,5,7,8,1,8,5,4,7,3,2,6
51:8,3,8,9,1,7,2,8,5,1,3,8,2,7,9,2,5,1,6,7,6,1,2,7,7,9,2,9,4,8
52:5,2,9,8,9,2,8,9,5,5,4,4,3,5,5,4,7,6,6,9,9,4,1,6,4,1,9,4,3,1
53:8,8,4,5,9,7,8,7,5,7,8,4,4,3,5,3,8,6,6,3,7,2,9,4,6,8,1,1,5,9
54:3,9,4,9,8,1,6,4,5,8,6,6,5,6,8,7,8,8,2,3,8,9,1,4,5,3,8,2,4,2
55:6,9,2,5,2,8,6,8,8,9,5,6,6,9,7,2,3,1,7,2,2,5,2,9,7,8,1,3,4,2
56:1,5,8,6,5,2,1,8,9,4,3,3,5,4,2,6,1,2,5,9,3,5,3,7,1,5,8,8,4,5
57:4,3,5,2,6,5,2,1,6,6,2,2,6,9,3,4,5,7,7,4,1,2,1,5,1,7,8,7,4,4
58:1,6,3,3,2,2,1,3,6,8,8,1,2,2,9,5,1,1,9,6,8,9,9,3,9,6,3,8,7,1
59:8,8,6,5,7,2,5,2,7,3,5,3,9,3,6,4,2,9,6,5,5,3,5,3,6,9,8,8,4,9
60:1,9,4,6,7,6,3,5,2,9,8,9,8,4,8,2,9,1,7,1,3,6,3,7,2,4,3,5,4,1
61:6,5,8,4,8,3,5,2,3,8,3,3,9,4,4,5,2,5,7,9,8,2,7,1,3,4,2,8,2,2
62:5,6,4,2,7,2,8,3,5,5,3,7,9,3,3,3,6,9,6,6,8,2,8,9,4,8,1,5,2,1
63:3,2,7,4,2,3,4,3,8,1,9,9,1,6,4,1,2,8,4,1,6,6,5,3,2,1,9,4,9,6
64:8,7,8,4,8,6,5,6,7,1,2,2,5,6,6,9,3,1,4,9,6,9,6,9,9,4,7,6,7,9
65:8,4,3,5,5,4,1,1,7,1,9,6,1,6,3,4,4,7,8,6,8,1,1,5,9,7,6,4,2,3
66:4,4,1,5,2,7,5,4,5,8,5,5,6,3,5,7,9,2,1,7,8,9,6,3,8,1,1,1,4,3
67:8,2,1,9,5,3,1,3,7,7,2,3,4,1,7,3,9,6,4,6,9,1,9,5,5,2,3,7,2,6
68:2,1,8,3,2,9,4,3,7,6,7,5,6,4,1,6,4,2,6,5,8,7,7,7,2,2,9,2,9,3
69:4,4,7,2,6,9,5,6,9,8,4,6,3,7,7,4,9,1,5,3,1,7,5,2,5,4,9,6,3,8
70:6,4,3,8,8,8,7,2,4,7,1,3,8,8,9,3,1,2,3,9,8,6,7,2,5,2,9,4,1,7
71:4,9,9,3,2,9,7,4,7,4,3,8,1,2,6,2,4,3,9,2,9,7,1,4,3,3,9,2,1,5
72:6,1,8,3,8,4,7,7,8,7,5,4,6,3,3,1,3,7,2,9,1,1,8,8,9,8,8,5,6,3
73:4,8,3,5,9,4,9,9,8,8,9,8,6,9,4,3,1,9,1,6,6,1,9,1,5,7,7,8,6,9
74:1,7,5,1,8,7,9,3,5,7,2,1,1,9,3,5,8,9,7,2,3,7,2,6,2,8,6,7,3,3
75:7,5,9,5,7,8,5,7,5,3,7,1,2,8,9,9,7,1,7,4,7,8,7,8,6,3,7,4,1,7
76:4,1,8,3,1,2,5,3,1,4,6,2,2,9,2,2,8,5,7,1,7,2,8,6,1,2,3,2,2,7
77:8,7,1,1,7,6,3,8,8,2,2,6,1,2,8,9,2,3,2,8,2,5,9,2,8,3,7,6,3,9
78:6,4,9,9,7,8,3,1,5,9,8,8,5,3,6,9,8,2,7,9,6,5,9,8,7,1,8,4,6,1
79:9,1,3,8,1,4,4,8,2,3,8,6,9,4,1,5,2,7,3,6,4,4,4,9,5,1,8,7,8,2
80:6,1,9,5,9,2,2,5,4,1,5,6,8,6,6,8,5,1,2,4,2,2,4,8,3,9,2,6,4,1
81:2,7,2,1,1,9,3,3,5,9,6,4,3,5,9,4,9,3,4,7,2,4,5,9,5,4,9,9,5,9
82:6,7,7,5,7,7,2,1,7,8,4,5,3,1,1,5,5,3,9,3,2,2,2,1,2,6,2,5,3,6
83:1,4,4,2,8,9,7,6,4,9,9,7,6,7,1,2,9,6,1,2,3,8,1,8,3,1,7,5,8,4
84:1,9,7,2,1,2,5,9,7,6,8,7,6,2,2,8,7,3,9,5,5,6,3,8,4,1,1,4,4,3
85:4,6,8,1,4,4,7,4,5,5,8,7,2,9,8,1,4,5,3,2,7,9,8,5,2,7,9,8,4,6
86:6,4,5,7,1,9,4,3,8,2,3,5,1,7,3,5,8,5,6,8,4,6,3,6,4,7,2,1,8,5
87:7,8,6,8,9,7,7,4,9,3,3,9,8,4,7,1,2,7,5,8,1,3,4,1,5,2,5,4,3,8
88:8,8,6,9,3,1,5,7,1,1,9,8,6,1,8,9,3,5,6,7,3,5,6,4,9,6,7,4,5,2
89:8,9,9,3,8,9,9,8,1,2,5,2,9,3,8,5,4,2,4,7,7,5,6,2,5,1,2,5,3,3
90:8,1,2,2,4,6,2,1,9,7,1,9,6,9,3,5,5,7,1,2,2,8,5,2,2,2,6,4,4,2
91:9,3,9,7,2,4,2,5,6,2,8,6,6,9,7,6,4,3,7,8,1,9,4,3,3,9,4,3,9,5
92:3,4,8,4,5,5,2,2,2,3,1,9,5,2,8,6,2,1,2,4,2,6,2,1,6,6,7,3,1,2
93:5,9,8,3,5,2,6,9,1,2,2,5,1,4,1,4,5,9,1,9,4,5,5,9,9,3,4,7,1,1
94:7,7,6,2,9,3,4,9,1,2,7,6,3,3,1,4,2,9,7,5,1,3,8,1,8,7,7,1,8,7
95:7,6,9,3,9,7,3,2,8,3,7,1,4,3,2,2,4,7,1,6,8,5,7,2,9,9,6,1,6,3
96:4,9,8,4,9,5,5,2,3,4,6,7,6,3,2,8,7,3,2,6,5,7,9,4,5,5,4,9,7,2
97:8,3,4,2,6,8,5,7,4,5,3,3,9,7,6,2,6,8,5,6,1,2,8,3,7,3,1,7,7,3
98:4,1,3,8,3,2,2,8,2,4,1,8,1,5,6,3,2,8,4,9,6,3,5,4,2,2,6,1,7,6
99:4,2,8,6,6,9,7,8,3,4,9,9,6,8,2,4,6,6,9,8,2,3,9,1,7,4,2,5,9,4
100:4,8,7,3,9,6,6,3,2,4,2,2,5,7,1,8,8,5,2,8,2,9,9,4,3,7,3,4,6,1

1:3,7,9,1,2,5,9,2,2,3,5,1,8,2,1,1,5,2,3,2,3,4,2,8,8,6,4,1,6,2
2:3,9,1,4,7,3,4,1,7,2,8,9,3,6,9,5,2,7,1,1,2,6,3,6,9,5,4,8,9,6
3:2,1,5,1,5,1,7,4,8,1,9,1,9,7,4,5,2,1,8,4,4,5,7,1,9,1,7,9,7,5
4:1,7,8,7,6,4,7,6,9,9,3,2,2,4,2,4,6,1,6,9,4,3,8,5,5,5,1,3,6,4
5:1,1,1,3,3,2,1,3,9,7,9,6,6,5,6,8,1,6,4,4,6,7,6,1,8,5,8,4,7,7
6:8,8,8,5,1,1,4,8,5,9,2,1,1,1,7,8,4,7,7,9,7,9,9,3,2,2,6,4,3,1
7:9,9,9,1,7,2,7,5,9,3,3,8,1,3,3,9,2,9,8,7,4,1,2,1,4,2,2,4,8,2
8:6,5,2,2,2,2,2,1,8,5,7,9,1,4,9,7,6,5,9,9,5,7,3,2,8,2,9,1,9,1
9:9,9,3,8,3,1,2,8,5,1,3,1,8,6,3,7,8,2,2,5,5,2,1,2,5,7,4,9,3,1
10:6,7,7,9,2,6,9,2,9,8,7,3,6,1,2,1,9,8,2,3,4,5,7,9,8,2,3,1,8,7
11:4,1,8,1,4,2,3,2,7,9,8,5,5,4,1,2,5,2,8,3,8,6,3,5,4,3,2,2,9,6
12:3,5,1,1,3,8,4,7,3,1,2,6,3,4,3,8,7,2,1,3,2,5,7,7,4,5,3,1,5,6
13:5,9,4,7,2,5,4,8,2,5,6,8,6,3,4,4,7,9,9,5,7,2,1,9,5,8,3,2,8,1
14:7,3,9,5,3,5,7,4,4,6,8,9,6,2,6,4,2,7,5,6,6,7,6,8,4,5,4,2,4,2
15:9,8,2,4,9,2,3,2,8,9,6,7,4,4,4,6,3,6,6,7,5,7,2,6,8,6,1,9,8,5
16:6,8,5,3,7,2,5,2,5,3,3,4,2,2,9,7,5,5,1,9,6,9,3,3,9,1,7,1,4,9
17:8,4,9,8,5,4,2,2,8,5,4,8,7,1,5,7,6,2,5,5,3,7,9,9,3,4,3,8,5,5
18:6,4,3,2,6,6,8,2,2,9,2,4,6,1,9,5,1,2,6,9,1,2,1,6,2,2,6,3,2,3
19:5,8,3,1,9,4,5,2,7,7,1,9,9,9,8,8,9,4,5,1,8,3,1,7,3,3,3,6,7,1
20:5,1,4,5,8,6,7,7,5,8,8,4,6,9,1,6,6,8,6,9,2,8,3,2,8,6,6,7,6,5
21:6,7,8,2,8,5,7,5,2,1,9,4,7,6,6,6,4,2,5,5,3,3,7,2,5,8,4,9,1,3
22:7,3,8,9,8,6,3,6,2,1,1,5,1,5,6,5,8,6,3,9,3,3,6,4,2,1,1,5,4,2
23:1,8,9,2,4,2,1,7,7,6,7,6,9,1,1,2,4,6,2,2,6,9,8,5,9,8,1,6,9,5
24:8,4,4,7,1,8,7,4,4,2,3,4,4,6,8,2,1,5,3,1,5,2,8,7,8,2,2,4,8,3
25:2,2,3,7,3,8,5,3,5,3,7,4,9,2,4,8,2,1,3,5,6,3,8,4,2,3,6,9,9,6
26:2,1,5,1,5,1,7,4,8,1,9,1,9,7,4,5,2,1,8,4,4,5,7,1,9,1,7,9,7,1
27:6,3,3,5,5,7,1,4,1,9,9,2,4,5,8,5,2,7,4,9,1,4,3,9,7,7,1,5,4,7
28:2,7,6,2,2,4,5,3,2,2,6,9,9,3,7,3,9,4,3,3,7,6,1,9,7,2,3,7,4,1
29:3,5,1,1,3,8,4,7,3,1,2,6,3,8,3,8,7,2,1,3,2,5,7,7,4,5,3,1,5,7
30:9,6,6,4,2,1,5,3,4,9,4,7,5,3,7,5,3,2,3,6,3,6,9,6,4,6,7,3,6,1
31:1,7,9,5,3,6,6,3,3,3,9,5,8,8,7,1,4,7,1,4,5,5,8,9,6,9,6,9,7,6
32:8,2,4,3,4,7,1,7,4,3,1,3,3,6,9,8,7,8,1,2,9,2,2,5,3,4,6,1,5,3
33:2,6,3,2,3,1,9,5,7,9,1,6,5,1,3,4,7,9,4,3,1,7,1,6,5,4,4,1,2,2
34:4,9,4,7,3,4,6,3,1,9,7,8,5,6,9,6,1,4,4,1,9,6,6,3,4,7,6,1,5,2
35:3,8,3,6,6,9,2,4,6,3,9,6,8,4,2,2,9,4,7,4,4,1,2,9,3,8,1,7,7,9
36:6,4,1,1,4,5,8,6,1,5,3,3,8,6,9,8,2,4,9,6,9,8,8,3,5,6,5,5,9,1
37:1,9,3,7,7,3,7,8,8,1,1,7,2,4,1,7,9,6,1,7,1,2,5,9,1,7,3,9,3,4
38:1,9,6,5,2,6,2,3,1,1,2,4,7,4,2,8,6,1,9,1,9,5,6,6,1,1,3,1,8,5
39:1,7,1,9,2,3,8,8,4,4,6,6,9,3,7,1,9,9,8,8,1,9,8,9,5,5,9,3,4,2
40:7,3,8,9,8,6,3,6,2,1,1,5,1,5,6,5,8,6,3,9,3,3,6,4,2,1,1,5,4,6
41:6,1,6,6,1,3,4,7,9,4,3,4,3,4,4,5,2,5,8,6,5,8,3,5,4,2,4,1,9,5
42:3,3,2,3,2,9,4,6,6,2,3,5,3,3,8,4,1,2,8,5,8,7,3,8,4,4,2,5,5,7
43:4,9,6,2,2,5,3,1,4,3,5,3,1,3,5,6,1,2,5,2,8,1,1,9,5,9,8,6,4,3
44:9,7,5,9,6,3,3,3,5,4,1,5,2,5,8,7,1,4,2,2,3,9,9,2,8,9,9,6,5,5
45:6,9,4,3,5,3,7,1,1,4,7,4,4,9,6,2,3,9,8,3,6,9,3,3,9,1,5,3,4,4
46:8,8,8,5,1,1,4,8,5,9,2,1,1,1,7,8,4,7,7,9,7,9,9,3,2,2,8,4,3,1
47:9,7,5,9,6,3,3,3,5,4,1,5,2,5,8,7,1,4,2,2,3,9,9,2,8,9,7,6,5,5
48:1,7,1,9,2,3,8,8,4,4,6,6,9,3,7,1,9,9,8,8,1,9,8,9,5,5,9,3,4,2
49:2,9,8,4,2,7,1,2,7,4,2,3,4,5,7,4,6,8,9,6,7,2,8,9,6,7,3,3,7,6
50:3,4,6,3,8,8,6,4,5,8,4,2,7,7,8,5,1,7,8,6,5,9,5,9,9,3,3,5,2,8
51:9,8,2,6,3,4,2,9,2,3,9,7,9,7,3,3,1,7,7,4,2,9,9,9,2,9,3,1,4,2
52:9,2,1,8,2,1,1,9,1,6,1,7,4,5,1,4,7,4,7,4,5,4,7,2,6,9,9,6,2,9
53:1,3,6,7,9,1,3,5,8,4,5,7,6,5,2,2,4,2,9,9,2,8,4,1,5,8,9,7,7,9
54:8,1,9,5,5,2,8,7,5,5,5,3,9,3,3,5,7,2,3,1,5,8,7,3,9,4,2,3,1,6
55:6,4,3,2,6,6,8,2,2,9,2,4,6,1,9,5,1,2,6,9,1,2,1,6,2,2,6,3,2,3
56:6,6,7,6,9,4,9,9,1,9,4,5,9,5,2,9,2,5,3,9,9,2,6,2,4,8,5,8,9,3
57:8,7,8,2,2,3,4,8,8,2,3,8,1,3,5,2,6,9,2,6,7,5,2,9,7,4,2,2,9,2
58:2,4,6,3,2,5,3,6,4,6,2,3,4,3,5,3,6,4,2,9,1,1,2,7,6,5,9,5,8,7
59:3,1,9,4,1,8,5,5,7,8,1,4,9,7,9,9,2,2,5,7,2,6,1,7,5,3,5,3,2,1
60:6,6,3,7,5,1,1,4,5,3,3,7,1,7,3,1,6,3,4,1,5,4,2,1,9,8,8,8,1,4
61:3,4,4,5,4,4,4,1,7,4,3,8,7,7,8,5,1,3,1,3,1,1,7,1,5,2,3,8,7,4
62:6,5,2,2,2,2,6,1,8,5,7,9,1,4,9,7,6,5,9,9,5,7,3,2,8,2,9,1,9,8
63:6,4,1,6,2,9,4,8,1,5,4,8,9,9,1,9,6,5,3,9,9,9,1,8,7,8,3,3,7,2
64:7,3,9,5,3,9,7,4,4,6,8,9,6,2,6,4,2,7,5,6,6,7,6,8,4,5,4,2,4,2
65:7,9,6,4,7,1,5,8,6,2,9,1,9,1,9,2,8,2,1,7,9,4,7,5,5,4,7,3,6,3
66:1,7,8,4,4,3,3,4,8,5,3,2,7,1,1,6,2,4,2,5,1,7,6,9,5,2,3,3,6,9
67:7,3,8,9,8,6,3,6,2,1,1,5,1,5,6,5,8,2,3,9,3,3,6,4,2,1,1,5,4,6
68:8,4,8,8,8,3,6,5,2,2,2,6,5,8,9,1,6,6,3,5,3,1,3,9,1,7,1,9,5,5
69:1,9,8,3,3,6,7,5,4,7,7,8,9,5,1,2,6,8,5,2,6,9,3,7,3,9,7,4,8,4
70:6,5,1,8,7,8,5,8,6,8,3,5,6,9,8,2,2,1,7,8,9,3,2,8,1,3,7,6,1,1
71:6,3,7,1,9,3,8,5,8,7,7,5,9,7,2,1,6,6,1,9,4,4,3,3,8,4,7,2,7,5
72:8,2,8,3,2,7,5,6,2,6,4,4,6,9,5,7,6,1,5,9,8,3,3,3,8,5,3,5,7,9
73:3,1,7,8,5,3,3,7,4,9,3,4,3,7,3,8,9,9,8,3,2,7,6,2,2,1,5,5,7,3
74:2,4,4,5,2,6,7,1,8,8,2,1,9,9,5,8,7,2,8,5,5,8,2,8,7,4,1,2,9,8
75:2,4,4,2,5,7,4,9,8,4,8,2,5,1,8,8,5,5,3,1,5,2,1,2,5,9,3,2,7,1
76:3,2,3,6,7,8,5,9,7,7,8,8,5,7,3,7,9,7,3,3,7,8,9,1,3,1,3,3,1,8
77:7,8,1,5,9,3,9,7,8,2,4,5,1,4,5,1,9,5,7,7,9,9,2,6,9,1,6,5,2,2
78:8,5,4,1,6,5,4,2,8,9,2,3,3,3,5,4,5,8,4,8,3,7,2,4,4,4,6,5,1,1
79:9,9,4,8,8,7,5,5,4,4,9,1,7,5,9,8,9,7,9,1,8,1,2,1,5,9,6,6,6,8
80:3,5,1,1,3,8,4,7,3,1,2,6,3,4,3,8,7,2,1,3,2,5,7,7,4,5,3,1,5,7
81:6,3,1,7,5,5,1,7,3,8,6,7,6,4,8,6,3,9,6,9,7,5,7,4,3,6,1,3,2,5
82:6,4,1,6,2,9,4,8,1,5,4,8,9,9,1,9,6,5,3,9,9,9,1,8,7,8,3,3,6,2
83:2,8,9,6,7,6,5,3,1,1,3,3,8,9,7,6,3,6,8,3,1,2,6,2,2,8,3,5,3,3
84:5,9,9,3,8,6,3,1,7,7,8,4,9,8,8,1,5,3,8,7,4,2,5,7,6,3,1,6,1,6
85:9,9,5,4,2,6,4,8,9,6,1,9,4,7,9,3,8,1,3,5,1,6,1,6,6,5,3,3,2,2
86:3,7,2,7,7,1,1,6,4,2,3,8,2,5,9,8,9,2,4,7,7,1,8,1,1,4,6,6,1,4
87:5,3,2,9,8,3,2,6,9,8,5,8,6,7,4,1,1,7,4,8,4,5,6,6,4,5,7,4,3,8
88:7,4,1,9,5,5,1,7,6,1,5,3,6,8,4,9,8,5,1,9,5,8,1,4,3,1,1,1,6,5
89:2,4,7,9,7,2,8,9,6,7,6,1,8,6,8,2,6,5,9,4,3,3,2,6,8,6,3,2,1,8
90:6,1,6,6,1,3,4,7,9,4,3,4,3,4,4,5,2,5,8,6,5,8,3,5,4,2,4,1,9,2
91:8,7,2,6,1,5,6,4,1,6,7,3,5,5,2,3,6,4,6,6,6,6,9,9,8,4,2,8,1,3
92:7,9,3,7,9,4,5,2,7,7,2,1,7,4,6,4,4,4,4,2,9,9,9,3,8,5,8,3,3,6
93:8,8,1,1,4,5,5,8,8,7,7,6,4,6,6,8,6,5,4,3,1,1,9,5,6,1,9,8,3,7
94:6,7,6,5,8,3,3,8,9,2,7,2,9,9,8,6,8,1,9,1,9,4,2,8,6,3,5,2,6,7
95:4,2,6,7,9,8,2,8,6,8,4,2,5,4,6,7,1,5,3,7,1,9,5,1,7,7,1,2,5,4
96:4,3,4,7,3,3,8,4,1,5,6,6,8,9,8,8,3,7,1,1,2,8,2,7,8,4,4,9,6,3
97:1,9,6,5,7,2,3,7,1,1,9,7,2,2,6,4,4,5,2,2,8,2,8,4,4,6,8,1,7,5
98:8,5,6,7,3,4,3,9,1,2,9,1,6,2,5,8,5,8,9,2,3,9,3,6,4,9,4,5,6,7
99:8,8,8,5,1,1,4,8,5,9,2,1,1,1,7,8,4,7,7,9,7,9,9,3,2,2,6,4,3,3
100:5,9,9,3,8,6,3,1,7,7,8,4,9,8,8,1,5,3,4,7,4,2,5,7,6,3,1,6,1,1
101:1,4,6,6,6,7,5,3,4,6,1,1,4,9,8,6,4,4,5,2,8,7,8,5,2,2,8,3,5,6
102:4,2,3,4,8,6,8,6,9,1,9,4,3,6,7,2,1,4,7,6,1,5,3,5,5,3,2,4,3,5
103:3,9,1,4,7,3,4,1,7,2,8,9,3,6,9,5,2,6,1,1,2,6,3,6,9,5,4,8,9,6
104:3,5,6,1,8,2,4,5,9,6,2,2,4,8,3,9,5,9,2,7,2,2,9,2,3,2,7,2,7,6
105:1,1,1,3,3,2,1,3,9,7,9,6,6,5,9,8,1,6,4,4,6,7,6,1,8,5,8,4,7,7
106:9,2,1,8,2,1,1,9,1,6,1,7,4,5,1,4,7,4,7,4,5,4,7,2,6,9,9,6,2,5
107:3,3,2,5,4,4,2,4,9,3,1,9,2,8,5,2,4,5,2,2,3,2,7,5,8,9,5,6,2,2
108:6,8,9,7,2,2,4,8,3,9,3,5,5,9,5,8,1,7,7,5,6,2,9,3,7,2,1,8,6,6
109:5,9,6,1,4,8,4,8,8,8,6,3,4,2,5,2,3,8,3,5,3,3,1,2,8,9,4,2,3,9
110:8,9,2,6,9,8,9,1,1,8,5,7,2,8,7,9,9,4,5,3,7,3,6,3,7,4,2,1,6,7
111:8,4,7,6,2,8,1,5,5,3,3,3,5,9,2,7,5,3,3,5,8,3,8,6,9,9,9,5,7,3
112:4,8,5,5,4,6,4,2,4,5,5,2,7,4,2,4,7,3,7,3,7,9,3,6,2,6,3,2,4,8
113:7,9,6,4,7,1,5,8,6,2,9,1,9,1,9,2,8,2,1,7,7,4,7,5,5,4,7,3,6,6
114:1,9,6,4,5,7,9,6,5,3,8,4,8,3,7,7,5,2,1,5,5,5,5,4,3,4,5,5,2,1
115:3,5,1,3,5,2,8,2,7,1,4,9,1,8,5,9,4,7,4,4,1,4,7,1,8,8,8,9,1,1
116:5,4,3,7,2,5,9,1,9,4,1,6,1,6,9,6,7,2,9,6,3,6,9,6,7,4,5,9,7,4
117:7,2,8,2,7,1,7,5,7,5,3,3,6,7,8,4,8,4,4,3,3,1,2,6,1,6,8,4,4,8
118:1,4,2,9,9,2,9,4,5,2,3,3,1,9,1,2,2,4,3,1,4,1,1,9,9,4,8,5,6,7
119:1,5,9,1,4,1,3,2,8,3,2,9,1,1,3,1,3,4,7,8,9,4,7,9,8,9,3,4,9,5
120:8,6,3,4,1,7,4,2,9,3,2,5,5,6,7,5,8,7,3,3,6,9,1,4,4,4,3,5,5,9
121:8,8,3,1,3,7,3,5,4,1,2,4,8,8,8,7,7,2,1,4,2,1,6,1,6,7,6,8,2,4
122:8,7,4,2,4,1,3,6,9,9,7,6,7,5,4,1,7,2,9,3,1,9,8,1,7,4,3,2,4,2
123:8,5,7,5,4,1,1,6,3,7,4,4,7,9,8,7,2,7,1,6,7,1,8,6,7,8,5,2,5,6
124:1,9,6,5,7,2,3,7,1,1,9,7,2,2,6,4,4,5,2,2,8,2,8,4,4,6,8,1,7,4
125:1,6,2,6,8,8,5,9,8,5,5,4,7,4,5,3,1,9,5,4,2,6,7,6,3,7,9,5,2,3
126:6,2,8,2,4,1,4,9,7,3,6,5,6,5,6,1,7,3,2,5,8,7,7,1,3,9,9,4,6,8
127:2,5,4,1,9,7,6,3,3,4,2,6,4,9,7,1,6,9,6,9,2,4,4,5,7,4,2,5,4,4
128:4,1,8,1,4,2,3,2,7,9,8,5,5,4,1,2,5,2,8,3,8,6,3,5,4,3,2,2,9,4
129:2,5,4,9,1,9,4,5,4,8,9,6,3,9,9,9,9,5,2,4,3,6,7,9,1,1,5,3,8,8
130:6,9,9,6,4,2,3,1,6,8,9,3,6,8,1,4,8,8,5,1,7,2,7,1,6,3,1,1,9,8
131:1,9,3,1,7,3,7,8,8,1,1,7,2,4,1,7,9,6,1,7,1,2,5,9,1,7,3,9,3,4
132:6,4,9,9,1,2,5,3,8,9,2,6,5,4,3,2,5,5,9,1,8,8,2,7,7,4,4,4,5,2
133:9,8,6,2,9,8,2,2,5,5,8,9,6,8,2,9,4,5,7,4,9,9,6,1,6,4,2,4,3,9
134:6,9,6,6,2,1,1,1,1,4,4,4,1,5,9,3,1,3,7,6,1,7,5,6,3,1,2,8,7,1
135:7,9,9,2,1,7,4,5,6,3,1,8,2,4,2,7,5,5,2,2,1,5,1,5,7,6,3,7,1,8
136:1,7,9,5,3,6,6,3,3,3,9,5,8,8,3,1,4,7,1,4,5,5,8,9,6,9,6,9,7,6
137:8,4,4,4,3,2,7,6,8,4,2,5,3,9,1,2,5,9,5,6,1,9,5,6,2,5,5,4,7,3
138:3,6,4,2,5,7,9,4,2,9,1,1,1,9,9,9,7,1,9,3,2,6,5,3,2,2,1,8,1,2
139:6,8,9,7,2,2,4,8,3,9,3,5,5,3,5,8,1,7,7,5,6,2,9,3,7,2,1,8,6,1
140:5,3,2,9,8,3,2,6,9,8,5,8,6,7,4,1,1,7,4,8,4,9,6,6,4,5,7,4,3,2
141:5,4,5,4,2,5,2,4,6,3,1,4,7,8,7,9,6,7,9,3,8,1,2,1,4,2,9,6,2,6
142:2,5,4,9,1,9,4,5,4,8,9,6,2,9,9,9,9,5,2,4,3,6,7,9,1,1,5,3,8,2
143:9,8,5,6,1,5,2,2,7,2,4,6,1,2,9,3,1,2,8,7,6,4,8,2,2,3,2,1,5,2
144:3,1,9,3,3,8,2,1,4,4,1,6,7,3,9,3,3,5,2,5,7,7,6,5,2,2,5,1,8,1
145:6,7,6,5,8,3,3,8,9,2,7,2,2,9,8,6,8,1,9,1,9,4,2,8,6,3,5,2,6,7
146:9,9,4,8,8,7,5,5,4,4,9,1,7,5,9,8,9,7,9,1,8,1,2,1,5,9,6,6,6,7
147:9,9,2,1,8,3,6,6,9,6,3,3,9,5,5,4,9,1,4,8,3,3,8,7,1,4,1,2,4,1
148:9,5,4,2,4,3,1,6,7,1,1,6,4,2,1,7,9,9,4,9,5,9,8,8,2,6,1,4,7,5
149:5,9,5,1,2,1,2,3,7,2,5,5,4,3,2,9,7,4,8,2,3,6,8,6,4,1,7,8,1,1
150:3,3,2,5,4,4,2,4,9,3,1,9,2,8,5,2,4,5,2,2,3,2,7,5,8,9,5,6,2,1
151:5,7,8,4,3,8,8,2,9,5,1,3,6,5,2,6,8,4,5,2,6,5,5,4,8,4,1,3,5,3
152:4,6,6,4,7,4,9,2,6,1,6,8,9,9,6,6,1,9,7,6,6,3,8,2,3,9,5,2,8,1
153:5,9,4,7,5,7,2,9,5,9,2,9,9,6,2,5,7,8,9,8,2,2,9,6,5,2,9,6,2,5
154:5,3,3,8,1,6,1,1,7,7,5,5,6,6,6,1,1,8,5,4,2,6,5,2,3,9,6,7,9,8
155:5,8,4,8,4,2,5,2,4,3,5,5,1,3,9,8,4,8,4,9,9,2,7,5,8,4,7,5,7,1
156:8,6,5,3,2,5,7,4,4,2,2,8,8,3,9,9,3,1,5,7,2,1,2,3,4,2,1,7,3,8
157:1,9,6,5,7,2,3,7,1,1,9,7,2,2,6,4,4,2,2,2,8,2,8,4,4,6,8,1,7,5
158:3,3,2,3,2,9,4,6,6,2,3,5,3,3,8,4,1,2,8,5,8,7,3,8,4,4,2,5,5,1
159:2,8,7,2,5,4,2,7,3,1,4,3,6,4,4,3,6,5,5,9,1,8,6,6,3,2,1,3,4,1
160:3,7,9,3,6,1,1,3,6,6,8,7,9,8,4,5,8,7,1,3,3,8,4,8,5,4,9,4,7,6
161:1,6,7,4,8,7,9,4,9,5,6,6,5,4,4,5,7,7,8,7,2,2,2,4,7,6,3,2,4,4
162:2,5,7,5,2,1,3,2,8,6,5,8,2,4,8,1,4,6,8,6,2,2,3,2,7,5,9,5,6,3
163:3,9,1,4,7,3,4,1,7,2,8,9,3,6,9,5,2,7,1,1,2,6,3,6,9,5,4,8,9,4
164:8,2,1,1,4,5,5,8,8,7,7,6,4,6,6,8,6,5,4,3,1,1,9,5,6,1,9,8,3,3
165:5,9,6,2,7,3,5,6,1,3,1,7,1,9,4,7,7,3,5,8,5,3,8,8,9,6,5,1,4,8
166:6,6,1,9,3,8,4,1,4,7,3,8,4,3,5,6,3,6,1,6,2,3,1,2,8,5,9,9,8,3
167:9,6,7,8,4,6,3,3,1,2,9,7,3,9,8,1,9,7,2,3,1,5,5,7,5,9,9,5,6,1
168:6,4,9,9,1,2,5,3,8,9,2,6,5,4,3,2,5,5,9,1,4,8,2,7,7,4,4,4,5,9
169:8,7,9,7,6,3,2,3,1,1,9,3,8,5,9,3,6,9,9,9,8,8,6,6,3,9,6,6,9,9
170:6,4,9,9,1,2,5,3,8,9,2,6,5,4,3,2,5,5,9,1,8,8,2,7,7,4,4,4,5,9
171:6,2,2,5,3,7,1,8,3,6,2,7,7,5,5,5,6,8,3,2,4,6,8,2,6,5,9,7,4,2
172:5,5,9,4,3,8,3,8,7,6,9,2,5,8,5,6,4,9,5,2,3,3,6,3,1,8,6,5,1,7
173:2,5,4,1,9,7,6,3,3,3,2,6,4,9,7,1,6,9,6,9,2,4,4,5,7,4,2,5,4,3
174:6,7,3,5,9,2,2,7,8,5,6,4,3,8,5,5,3,7,6,7,1,5,6,1,3,3,6,2,9,5
175:3,8,7,6,6,9,2,4,6,3,9,6,8,4,2,2,9,4,7,4,4,1,2,9,3,8,1,7,7,9
176:1,7,8,7,6,4,7,6,9,9,3,2,2,4,2,4,6,1,6,9,4,3,8,5,5,5,1,3,6,6
177:8,9,5,1,3,6,3,8,1,5,4,8,8,4,3,7,7,4,8,6,8,6,3,9,6,2,1,9,8,1
178:9,9,9,1,7,2,7,5,9,3,3,8,1,3,3,9,2,9,8,7,4,1,2,1,4,2,2,1,8,2
179:9,2,1,8,2,1,1,9,1,6,1,7,4,5,1,4,7,4,7,4,5,1,7,2,6,9,9,6,2,9
180:2,5,4,9,1,9,4,5,4,8,9,6,3,9,9,9,9,5,2,4,3,6,7,9,1,1,5,3,8,2
181:1,9,8,3,3,6,7,5,4,7,7,8,9,5,1,2,6,8,5,2,6,9,3,7,3,9,7,4,8,8
182:2,9,4,7,9,9,2,6,6,5,9,3,9,1,8,5,6,8,2,7,2,9,9,3,8,6,2,6,1,1
183:8,1,7,1,7,5,1,5,9,2,7,4,8,8,7,4,7,8,3,1,5,4,5,3,7,5,3,1,2,1
184:6,1,9,8,2,1,1,8,6,6,2,5,3,4,6,9,5,4,8,1,9,5,3,1,2,3,7,4,9,3
185:3,2,8,4,8,2,8,7,8,9,6,2,3,4,7,3,1,5,8,9,1,2,7,9,2,3,4,8,2,1
186:1,8,9,2,4,2,1,7,7,6,7,6,9,1,1,2,4,6,2,2,6,9,8,5,9,8,1,6,9,9
187:2,2,7,4,2,7,5,4,1,2,6,9,2,9,1,7,2,2,5,9,5,8,6,8,2,2,8,2,6,9
188:9,3,6,7,2,3,1,6,8,9,4,7,5,2,6,6,5,3,7,3,3,1,5,6,2,7,6,6,3,4
189:4,4,1,8,2,1,3,3,9,5,6,1,7,6,7,2,2,3,1,9,4,7,1,4,6,9,8,1,7,4
190:6,4,3,2,6,6,8,2,2,9,2,4,6,1,9,5,1,2,6,9,1,2,1,6,2,2,6,3,2,6
191:8,5,6,5,3,2,6,4,2,7,4,6,3,4,3,5,5,9,7,1,9,9,4,6,6,2,4,9,4,9
192:2,7,6,2,2,4,5,3,2,2,6,9,9,3,7,3,9,4,3,3,7,6,1,9,7,2,3,7,4,7
193:5,9,9,3,8,6,3,1,7,7,8,4,9,8,8,1,5,3,8,7,4,2,5,7,6,3,1,6,1,1
194:8,8,1,1,4,5,5,8,8,7,7,6,4,6,6,8,6,5,4,3,1,1,9,5,6,1,9,8,3,3
195:3,2,3,6,7,8,5,9,7,7,8,8,5,7,3,7,9,7,3,3,4,8,9,1,3,1,3,3,1,8
196:8,8,3,1,3,7,3,5,4,1,2,4,8,8,8,7,7,2,1,4,2,1,6,1,6,7,6,8,2,7
197:3,3,2,5,4,4,2,4,9,3,1,9,2,8,5,2,4,5,2,2,3,2,7,5,8,4,5,6,2,1
198:5,4,5,1,3,9,4,6,7,8,1,7,6,5,1,8,8,7,1,6,7,8,3,1,3,6,4,4,3,8
199:8,7,3,6,3,9,6,2,5,8,7,8,7,5,8,6,7,8,6,1,1,5,1,8,2,2,4,5,9,9
200:8,9,5,1,3,6,3,8,1,5,4,8,8,4,3,7,7,4,8,6,8,6,3,9,6,2,1,9,8,3
201:3,8,3,6,6,9,2,4,6,3,9,6,8,4,2,2,9,4,7,4,4,1,2,9,3,8,1,7,7,9
202:7,1,1,5,1,3,3,6,5,2,4,8,8,8,9,6,2,8,9,8,5,6,7,5,2,7,9,7,8,6
203:4,1,3,5,8,8,6,8,9,6,4,1,3,2,1,1,1,3,6,8,9,1,5,6,9,9,8,6,3,7
204:1,2,7,9,1,3,2,5,9,8,8,2,5,2,1,4,3,7,7,1,8,8,3,3,4,7,5,4,9,7
205:7,6,8,5,8,3,2,8,4,8,4,7,2,7,7,3,2,5,9,6,2,3,9,3,8,3,8,7,9,5
206:9,1,6,6,6,1,5,4,8,1,1,6,7,3,7,1,4,9,6,9,9,3,1,9,5,9,8,5,8,1
207:7,2,1,7,5,4,7,7,8,3,1,7,6,5,1,4,9,3,3,4,4,7,9,3,1,6,2,6,7,4
208:6,9,5,8,9,1,9,7,2,6,7,2,6,1,8,4,8,6,1,1,7,5,9,7,4,9,4,1,3,9
209:5,1,7,9,6,7,2,1,1,3,1,6,6,3,1,3,6,3,2,4,2,1,5,4,9,7,6,3,3,2
210:6,6,7,1,4,9,8,8,4,9,1,1,3,9,4,8,2,3,3,7,3,2,6,3,5,5,4,9,4,8
211:9,1,7,3,5,7,1,3,5,3,3,1,6,6,9,5,6,8,8,9,7,4,6,4,5,7,4,9,4,1
212:7,2,7,6,6,7,3,8,7,6,2,3,6,3,4,3,4,3,1,1,8,3,1,9,6,6,2,1,4,5
213:5,3,1,7,9,8,5,2,8,9,6,9,8,4,4,1,5,3,9,7,6,1,9,2,7,9,6,5,9,7
214:5,3,5,2,4,7,5,9,1,3,5,2,4,3,9,6,5,9,5,6,1,9,2,8,3,4,3,3,9,5
215:3,3,2,3,2,9,4,6,6,2,3,5,3,3,8,5,1,2,8,5,8,7,3,8,4,4,2,5,5,7
216:6,7,7,9,2,6,9,2,9,8,7,3,6,1,2,1,9,8,2,3,4,5,7,9,8,1,3,1,8,5
217:3,4,6,6,8,4,9,9,3,4,2,5,2,8,8,2,4,9,8,2,4,2,9,6,8,2,2,7,8,7
218:1,4,8,1,5,7,3,6,6,4,9,1,1,4,1,7,7,6,2,1,5,9,6,6,3,8,3,8,6,7
219:6,7,7,9,2,6,9,2,9,8,7,3,6,1,2,1,9,8,2,3,4,5,7,9,8,2,3,1,8,5
220:5,6,5,5,4,8,4,6,9,7,9,7,9,6,4,6,2,3,1,8,1,7,1,7,7,9,5,5,2,4
221:9,3,5,6,8,4,5,2,2,3,7,6,8,7,9,3,8,9,3,8,5,8,8,3,4,7,3,9,1,2
222:2,1,2,4,3,6,6,3,7,2,3,4,9,6,2,6,3,8,3,1,7,7,8,7,3,1,9,5,6,4
223:1,7,1,9,2,3,8,8,4,4,6,6,9,3,7,1,9,9,8,8,1,9,8,9,5,5,9,3,4,8
224:9,1,1,3,1,7,2,4,9,7,5,9,7,4,8,7,6,6,8,6,5,5,4,4,8,9,2,7,7,7
225:6,4,7,9,7,1,7,9,1,1,5,3,8,1,3,8,3,3,9,7,9,9,2,8,8,3,9,2,8,6
226:9,9,9,1,7,2,7,5,9,3,3,8,1,3,3,9,2,9,8,7,4,1,2,1,4,2,2,1,8,9
227:6,4,7,8,8,3,7,4,4,4,1,3,5,2,3,6,8,9,7,7,7,8,3,9,5,1,9,2,7,5
228:3,7,2,3,6,3,6,5,5,1,2,4,4,7,3,6,2,7,2,3,3,6,2,2,2,5,4,3,6,2
229:8,2,2,1,6,5,4,6,1,6,9,6,9,3,6,4,6,5,7,6,6,8,1,4,7,4,3,3,4,1
230:9,9,4,8,8,7,5,3,4,4,9,1,7,5,9,8,9,7,9,1,8,1,2,1,5,9,6,6,6,7
231:3,1,7,8,5,4,3,7,4,9,3,4,3,7,3,8,9,9,8,3,2,7,6,2,2,1,5,5,7,3
232:7,6,8,1,8,8,8,1,9,9,5,8,8,4,2,9,3,4,4,2,1,8,2,3,4,5,2,4,7,6
233:2,1,2,4,3,6,6,3,7,2,3,4,9,6,2,6,3,8,3,1,7,7,8,7,3,1,9,5,6,1
234:5,5,1,6,3,4,6,5,6,2,8,2,2,9,2,4,7,9,8,6,9,4,8,9,6,7,7,5,9,2
235:8,7,3,6,3,9,6,2,5,8,7,8,7,5,8,6,7,8,6,1,1,5,1,8,2,2,4,5,9,9
236:5,9,1,4,5,5,2,5,7,2,6,4,1,1,7,1,8,3,9,1,3,2,2,4,1,4,7,6,2,7
237:8,1,3,8,5,5,7,7,7,3,6,4,7,3,2,3,4,1,7,1,2,4,1,8,4,5,5,3,4,4
238:1,4,8,1,5,7,3,6,6,4,9,1,1,4,1,7,7,6,2,1,5,9,6,6,3,8,3,8,6,7
239:3,7,4,5,5,4,6,8,7,8,5,8,9,3,5,5,2,4,5,5,9,3,7,6,1,7,6,6,6,6
240:9,6,4,9,4,8,4,6,1,8,5,9,4,4,7,3,8,9,4,9,7,6,5,3,4,2,2,2,9,4
241:1,1,2,5,7,7,1,4,2,6,9,2,3,5,2,9,7,5,9,2,3,1,7,5,6,2,5,7,5,1
242:9,7,8,7,1,3,4,2,8,2,6,5,3,5,4,6,5,4,8,3,1,4,8,2,3,9,8,2,2,4
243:3,4,4,3,2,8,8,4,5,7,4,4,1,6,1,9,9,8,5,8,7,1,6,9,8,2,8,1,5,5
244:5,3,2,9,8,3,2,6,9,8,5,8,6,7,4,1,1,7,4,8,4,9,6,6,4,5,7,4,3,8
245:2,9,7,3,2,1,2,9,4,5,5,1,4,3,8,4,6,9,1,7,5,5,1,8,8,1,3,2,6,6
246:6,4,3,5,1,9,8,9,1,5,7,6,2,9,7,8,8,3,4,3,4,7,5,6,3,7,6,8,4,2
247:4,2,3,4,8,6,8,6,9,1,9,4,3,6,7,2,1,4,7,6,1,5,3,5,5,3,2,4,3,4
248:8,7,2,6,1,9,6,4,1,6,7,3,5,5,2,3,6,4,6,6,6,6,9,9,8,4,2,8,1,5
249:1,3,6,9,1,3,4,7,9,2,5,5,5,3,7,9,1,8,1,9,7,1,9,7,7,3,7,5,1,4
250:5,7,3,9,4,7,3,1,5,1,3,6,4,8,3,3,2,5,5,6,7,7,1,9,6,5,2,6,3,7
251:8,9,5,1,3,6,3,8,1,5,2,8,8,4,3,7,7,4,8,6,8,6,3,9,6,2,1,9,8,3
252:7,7,8,8,7,5,2,9,8,4,6,5,6,9,4,5,9,2,5,7,4,1,8,5,1,9,5,9,6,7
253:1,4,7,6,8,2,8,8,5,9,8,7,4,2,2,8,4,5,5,2,8,3,3,2,1,8,2,8,5,9
254:3,1,9,3,9,1,4,3,9,4,1,8,1,5,5,2,7,6,2,5,7,5,9,2,5,7,2,2,3,1
255:8,3,2,2,6,5,4,4,3,6,9,4,8,9,4,9,9,8,9,1,8,1,6,4,8,8,7,4,2,8
256:3,7,2,7,7,1,1,6,4,2,3,8,2,5,9,8,9,2,4,7,7,1,8,1,1,4,6,6,6,5
257:6,8,6,8,9,9,2,3,4,1,8,4,4,3,3,7,8,5,7,2,5,5,6,6,1,2,9,7,9,8
258:7,8,8,4,1,3,9,7,2,8,6,7,2,1,6,2,7,8,4,2,6,1,6,1,1,7,1,8,1,2
259:5,4,3,7,2,5,9,1,9,4,1,6,1,6,9,6,7,2,9,6,3,6,9,6,7,4,5,9,7,4
260:1,9,6,8,8,1,9,3,3,8,3,3,1,5,2,6,4,2,5,3,4,2,2,2,7,2,8,9,8,6
261:5,6,2,6,6,4,6,5,6,4,6,6,6,2,9,9,1,8,9,7,7,6,9,6,3,6,8,2,8,9
262:1,7,9,5,3,6,6,3,3,3,9,5,8,8,7,1,4,7,1,4,5,5,8,9,6,9,6,9,7,9
263:6,2,5,9,1,6,6,2,5,9,5,5,4,6,7,1,7,5,4,5,5,1,6,6,5,5,2,5,8,1
264:6,6,7,1,4,9,8,8,4,9,1,1,3,4,4,8,2,3,3,7,3,2,6,3,5,5,4,9,4,8
265:2,1,5,1,5,1,7,4,8,1,9,1,9,7,4,5,2,1,8,4,8,5,7,1,9,1,7,9,7,1
266:1,1,1,8,8,2,9,9,9,6,8,2,4,4,6,6,9,1,9,7,7,9,7,9,2,9,7,8,8,5
267:4,9,7,2,9,6,9,3,1,5,6,7,7,9,5,1,3,1,5,9,6,3,5,9,8,9,3,5,2,2
268:4,9,7,7,5,8,2,1,7,2,6,1,9,5,7,5,7,3,7,2,1,2,1,5,9,2,7,5,9,3
269:7,3,6,5,3,6,7,8,4,9,9,2,1,1,6,3,1,6,4,5,9,1,9,1,6,7,9,6,1,1
270:2,8,7,6,2,8,5,4,3,9,4,1,3,5,6,5,2,2,2,2,3,4,8,4,6,6,5,9,1,8
271:4,7,8,8,1,7,1,9,7,6,8,3,5,6,5,5,5,4,6,6,2,5,4,7,2,9,4,4,3,3
272:7,9,7,9,5,6,4,8,5,8,9,1,8,3,4,9,7,2,9,9,1,3,7,3,3,6,9,8,7,3
273:9,7,5,9,6,3,3,3,5,4,1,5,2,5,8,7,1,4,2,2,3,9,9,2,8,9,9,6,5,2
274:4,1,6,4,1,9,2,6,7,8,7,1,3,7,1,1,4,6,8,3,2,3,3,6,6,4,3,9,4,8
275:2,8,4,3,1,2,9,9,8,1,9,1,8,9,1,1,3,8,9,3,7,6,9,1,1,7,5,2,6,1
276:6,3,7,1,9,3,8,5,8,7,7,5,9,7,2,1,6,6,1,9,4,4,3,3,8,4,7,2,7,4
277:9,6,6,4,2,8,5,3,4,9,4,7,5,3,7,5,3,2,3,6,3,6,9,6,4,6,7,3,6,1
278:6,2,4,6,4,5,3,3,2,7,7,3,3,5,4,7,1,2,8,9,3,2,4,9,1,9,4,7,1,7
279:5,7,8,7,6,4,7,6,9,9,3,2,2,4,2,4,6,1,6,9,4,3,8,5,5,5,1,3,6,6
280:7,3,9,5,3,5,7,4,4,6,8,9,6,2,6,4,2,7,5,6,6,7,6,8,4,5,4,2,4,2
281:1,5,9,1,2,2,5,4,8,2,7,2,5,9,6,4,3,4,2,9,6,1,7,3,1,6,5,2,4,8
282:7,1,6,5,2,7,8,2,4,5,4,4,5,9,2,9,4,4,7,3,1,3,6,3,1,6,9,3,2,3
283:5,5,9,4,3,8,3,8,7,6,9,2,5,8,5,6,4,9,5,2,3,3,6,3,1,8,6,5,1,5
284:1,7,4,3,5,4,9,8,7,8,8,6,8,8,3,4,8,6,5,5,6,1,6,8,4,9,4,1,7,4
285:8,3,2,2,6,5,4,4,3,6,9,4,8,9,4,9,9,8,9,1,8,1,6,4,8,8,7,4,2,7
286:2,4,7,1,7,2,8,8,8,4,8,9,2,4,3,8,2,1,9,1,3,2,1,8,6,4,8,1,7,7
287:6,3,8,2,6,1,7,7,7,6,9,7,4,1,4,4,3,4,9,9,6,5,2,9,1,9,1,9,8,9
288:2,1,7,2,1,9,1,8,4,2,4,7,7,9,4,8,4,7,9,9,6,9,8,6,5,8,4,9,6,9
289:8,6,7,7,4,9,7,1,7,9,5,4,9,5,7,1,5,9,9,8,7,3,1,8,6,1,5,2,8,8
290:5,9,6,1,4,8,4,8,8,8,6,3,4,2,5,2,3,8,3,5,3,3,1,2,8,9,4,2,3,1
291:4,4,3,1,5,2,2,9,8,7,1,6,7,6,5,5,1,9,2,5,4,5,6,3,6,2,5,7,8,6
292:1,6,1,9,6,3,9,9,8,3,9,9,7,3,9,1,4,3,4,9,9,2,1,9,4,1,4,7,8,2
293:4,1,8,1,4,2,3,2,7,9,8,5,5,4,1,2,5,2,8,3,8,6,3,2,4,3,2,2,9,4
294:3,5,9,9,5,1,8,6,2,8,6,4,8,4,8,8,7,8,3,4,8,6,6,3,9,7,6,5,7,4
295:1,5,9,1,4,1,3,2,8,3,2,9,1,1,3,1,3,4,7,8,9,4,7,9,8,9,3,4,9,4
296:8,8,3,1,3,7,3,5,4,1,2,4,8,8,8,7,7,2,1,4,2,1,6,1,6,7,6,8,2,4
297:6,2,8,9,1,9,9,1,8,4,8,7,6,7,6,1,5,8,7,4,6,2,1,9,2,1,1,8,5,1
298:1,1,7,6,1,1,6,1,4,4,4,2,7,9,5,4,6,3,7,2,9,6,1,5,5,7,9,6,8,7
299:7,1,6,5,2,7,8,2,4,5,4,4,5,9,2,9,4,4,7,3,1,3,6,8,1,6,9,3,2,3
300:2,6,2,4,3,6,8,4,4,5,3,9,2,4,6,3,1,8,4,7,6,6,5,4,8,9,8,5,8,8
301:6,5,2,2,2,2,2,1,8,5,7,9,1,4,9,7,6,5,9,9,5,7,3,2,8,2,9,1,9,8
302:6,6,7,1,4,9,8,8,4,9,1,1,3,4,4,8,2,3,3,7,3,2,6,3,5,5,4,9,4,6
303:6,1,6,6,1,3,4,5,9,4,3,4,3,4,4,5,2,5,8,6,5,8,3,5,4,2,4,1,9,2
304:1,3,6,7,9,1,3,5,8,4,5,7,6,5,2,2,4,2,9,9,2,8,4,1,5,8,9,7,7,5
305:1,7,8,4,4,3,3,4,8,5,3,2,7,1,1,6,2,4,2,5,1,7,6,9,5,2,3,3,6,4
306:3,7,2,7,7,1,1,6,4,2,3,8,2,5,9,8,9,2,4,7,7,1,8,1,1,4,6,6,6,4
307:3,5,6,2,1,5,3,8,6,4,9,9,7,1,2,1,3,5,7,1,5,4,9,6,3,8,4,2,7,4
308:1,9,3,7,7,3,7,8,8,1,1,7,2,4,1,7,9,6,1,7,1,2,5,9,1,7,3,9,3,4
309:2,1,8,1,5,9,9,5,4,3,9,2,8,2,3,1,5,8,6,2,8,6,1,3,6,4,1,7,8,6
310:9,7,4,3,5,4,9,8,7,8,8,6,8,8,3,4,8,6,5,5,6,1,6,8,4,9,4,1,7,6
311:6,4,1,6,2,9,4,8,1,5,4,8,9,9,1,9,6,5,3,9,9,9,1,8,7,8,3,3,6,1
312:5,5,1,1,1,6,8,7,8,1,5,8,8,1,5,9,8,4,2,8,5,6,9,2,2,7,3,6,9,8
313:2,3,6,7,3,6,9,2,2,3,2,3,6,1,7,3,2,3,3,2,7,2,4,3,1,2,7,6,1,8
314:8,3,2,2,6,5,4,4,3,6,9,4,8,9,4,9,9,8,9,1,8,1,6,4,8,1,7,4,2,7
315:7,7,3,4,1,3,4,8,7,6,7,9,8,6,7,1,9,1,4,2,7,4,5,8,2,1,7,8,3,1
316:2,4,4,5,2,6,7,9,8,8,2,1,9,9,5,8,7,2,8,5,5,8,2,8,7,4,1,2,9,8
317:7,9,3,7,9,4,5,2,7,7,2,1,7,4,6,4,4,4,4,2,9,9,9,3,8,5,8,3,3,8
318:5,7,1,2,4,9,3,4,6,3,1,1,3,6,2,6,8,3,1,1,4,7,8,1,7,6,8,8,1,6
319:2,4,4,5,2,6,7,9,8,8,2,1,9,9,5,8,7,2,8,5,5,8,2,8,7,4,1,2,9,4
320:5,5,1,4,8,8,1,3,4,9,1,7,6,9,8,7,3,5,6,6,3,1,8,8,1,4,6,5,5,3
321:3,1,8,8,7,7,8,4,7,2,7,5,1,9,8,2,2,3,8,2,1,8,2,3,7,3,2,6,2,3
322:1,1,1,3,3,2,1,3,9,7,9,6,6,5,6,8,1,6,4,4,6,7,6,1,8,5,8,4,7,5
323:8,7,8,9,8,8,9,6,1,2,9,7,7,7,6,3,9,6,5,2,9,8,6,4,7,3,2,6,2,9
324:3,3,5,2,8,6,8,8,8,4,8,2,4,9,5,3,4,4,1,5,7,6,2,8,9,6,3,3,6,8
325:8,2,6,3,8,1,5,7,7,5,9,1,2,6,8,8,6,1,9,7,4,8,7,2,6,2,9,9,9,5
326:9,3,1,1,5,1,6,3,5,6,4,1,5,8,9,4,8,1,9,4,2,6,4,1,4,6,8,8,1,1
327:1,9,4,7,5,4,1,8,3,7,8,3,3,4,1,8,3,1,5,4,4,6,6,2,9,4,7,3,4,1
328:1,5,1,9,5,3,5,6,6,6,6,3,4,6,7,4,2,4,6,7,9,9,1,7,7,2,5,3,7,6
329:5,3,5,2,4,7,5,9,1,3,5,2,4,3,9,6,5,9,5,6,6,9,2,8,3,4,3,3,9,5
330:5,5,9,8,8,1,8,1,3,8,1,1,7,3,6,4,9,4,9,3,9,7,7,4,5,5,3,7,9,2
331:5,9,6,1,4,8,4,8,8,8,6,3,4,2,5,2,3,8,3,5,3,3,1,2,8,9,4,2,3,9
332:8,7,1,8,5,7,8,2,3,4,7,4,6,9,6,4,8,7,1,7,3,3,5,7,4,3,9,4,1,6
333:5,8,6,3,4,1,9,3,4,8,3,6,1,2,6,3,4,8,4,6,5,3,6,7,5,7,7,5,8,5
334:2,2,5,9,5,1,3,3,2,7,9,3,6,1,9,7,5,8,4,4,4,4,2,2,2,9,3,3,6,6
335:7,7,4,9,4,3,9,5,2,4,7,3,6,7,5,6,9,3,2,4,5,1,2,3,8,1,6,8,8,2
336:6,8,9,7,2,2,4,8,3,9,3,5,5,3,5,8,1,7,7,5,6,2,9,3,7,2,1,8,6,6
337:1,6,7,7,2,1,6,5,8,8,3,3,5,3,8,2,4,6,2,1,8,6,4,3,9,2,5,9,6,6
338:1,7,4,3,5,4,9,8,7,8,8,6,8,8,3,4,8,6,5,5,6,1,6,8,4,9,4,1,7,6
339:3,8,1,5,3,7,9,2,5,8,8,3,5,6,3,4,5,7,1,8,2,3,7,5,7,1,5,9,3,2
340:6,2,3,7,1,8,3,4,1,3,9,5,7,8,6,7,4,1,9,5,4,8,1,6,8,2,8,9,6,9
341:4,4,7,7,9,2,2,2,7,3,1,3,7,9,7,8,1,3,6,3,5,6,5,6,1,8,1,5,9,2
342:1,7,8,4,4,3,3,1,8,5,3,2,7,1,1,6,2,4,2,5,1,7,6,9,5,2,3,3,6,4
343:4,2,3,4,8,6,8,6,9,1,9,4,3,6,7,4,1,4,7,6,1,5,3,5,5,3,2,4,3,4
344:2,1,8,4,8,2,6,3,1,6,2,8,3,6,4,5,6,3,7,7,8,5,1,9,1,5,7,9,7,7
345:9,7,8,7,4,3,4,2,8,2,6,5,3,5,4,6,5,4,8,3,1,4,8,2,3,9,8,2,2,4
346:2,4,7,2,7,9,4,5,1,5,1,3,4,8,6,7,6,8,8,2,7,3,3,1,1,3,3,6,2,9
347:7,3,6,5,3,6,7,8,4,9,9,2,1,1,6,3,1,6,4,5,9,1,9,1,6,7,9,6,1,3
348:2,6,6,2,2,4,5,3,2,2,6,9,9,3,7,3,9,4,3,3,7,6,1,9,7,2,3,7,4,7
349:9,9,2,1,8,3,6,6,9,6,3,3,9,5,5,4,9,1,4,8,3,3,8,7,1,4,1,2,4,1
350:1,4,7,1,1,1,8,9,1,8,7,7,5,9,7,9,2,5,3,7,3,4,1,4,8,6,5,5,8,9
351:5,4,5,1,3,9,4,6,7,8,8,7,6,5,1,8,8,7,1,6,7,8,3,1,3,6,4,4,3,8
352:7,8,1,4,5,5,1,7,5,4,8,9,9,8,6,1,3,2,6,9,6,5,7,4,9,7,9,5,8,8
353:9,8,6,2,9,8,2,2,5,5,8,9,5,8,2,9,4,5,7,4,9,9,6,1,6,4,2,4,3,6
354:7,1,9,9,8,7,8,2,2,1,2,5,2,3,3,2,5,4,8,7,6,6,5,3,4,5,1,5,9,9
355:9,8,6,2,9,8,2,2,5,5,8,9,5,8,2,9,4,5,7,4,9,9,6,1,6,4,2,4,3,9
356:8,7,3,6,3,9,6,2,5,8,7,8,7,5,8,6,7,8,6,1,1,5,1,8,2,2,4,5,9,4
357:1,5,9,1,4,1,3,9,8,3,2,9,1,1,3,1,3,4,7,8,9,4,7,9,8,9,3,4,9,5
358:5,5,1,1,1,6,8,7,8,1,5,8,8,1,7,9,8,4,2,8,5,6,9,2,2,7,3,6,9,3
359:4,4,4,3,2,5,4,8,1,4,8,8,5,6,7,1,7,8,5,8,4,7,3,1,7,6,1,7,8,4
360:5,4,5,1,3,9,4,6,7,8,8,7,6,5,1,8,8,7,1,6,7,8,3,1,3,6,4,4,3,5
361:3,9,2,9,3,1,5,8,3,5,1,6,5,8,1,6,2,6,4,2,7,7,9,6,9,5,1,3,6,6
362:1,6,1,9,6,3,9,9,8,3,9,9,7,3,9,1,8,3,4,9,9,2,1,9,4,1,4,7,8,7
363:6,6,7,6,5,4,9,9,1,9,4,5,9,5,2,9,2,5,3,9,9,2,6,2,4,8,5,8,9,5
364:8,9,6,4,6,1,3,5,9,7,9,2,8,1,1,4,4,9,4,3,7,6,7,1,4,9,4,6,9,4
365:8,7,9,7,6,3,2,3,1,1,9,3,8,5,9,3,6,9,9,9,8,8,6,6,3,9,6,6,8,8
366:4,9,4,7,3,4,6,3,1,9,7,8,5,4,9,6,1,4,4,1,9,6,6,3,4,7,6,1,5,2
367:9,6,9,7,7,4,1,6,6,2,1,9,4,4,5,2,7,1,7,8,7,8,3,6,3,6,3,2,1,2
368:5,4,4,4,9,1,2,9,4,1,5,1,4,7,8,1,6,5,1,9,8,7,1,5,4,6,9,1,5,1
369:6,2,5,9,7,6,6,2,5,9,5,5,4,6,7,1,7,5,4,5,5,1,6,6,5,5,2,5,8,6
370:9,6,6,4,2,8,5,3,4,9,4,7,5,3,7,5,3,2,3,6,3,6,9,6,4,6,7,3,6,1
371:8,2,8,3,2,7,5,6,2,6,4,7,6,9,5,7,6,1,5,9,8,3,3,3,8,5,3,5,7,9
372:2,1,8,4,8,2,6,3,1,6,2,8,3,6,4,5,6,3,7,7,1,5,1,9,1,5,7,9,7,9
373:9,9,6,2,4,1,7,4,7,4,7,2,4,8,4,7,3,7,7,5,5,1,2,2,4,1,6,1,2,5
374:4,9,4,7,3,4,6,3,1,9,7,8,5,6,9,6,1,4,4,1,9,6,6,3,4,7,6,1,5,8
375:5,9,7,1,6,2,3,2,8,6,6,8,9,5,5,7,8,7,2,2,6,2,6,8,1,9,8,5,8,2
376:3,1,8,8,7,7,8,4,7,2,7,5,1,9,8,2,2,3,8,2,1,8,2,3,7,3,2,6,2,7
377:8,7,9,7,6,3,2,3,1,1,9,3,8,5,9,3,6,9,9,9,8,8,6,6,3,9,6,6,9,8
378:7,9,3,7,9,4,5,2,7,7,2,1,1,4,6,4,4,4,4,2,9,9,9,3,8,5,8,3,3,6
379:7,4,7,1,3,3,7,2,7,7,3,8,7,6,9,6,7,7,2,8,4,9,7,7,9,7,3,1,1,7
380:3,3,5,2,8,6,8,8,8,4,8,2,4,9,5,3,4,4,1,5,1,6,2,8,9,6,3,3,6,8
381:2,1,2,4,3,6,6,3,7,2,3,4,9,6,2,6,3,8,3,1,7,7,8,7,9,1,9,5,6,4
382:4,9,5,5,4,6,4,2,4,5,5,2,7,4,2,4,7,3,7,3,7,9,3,6,2,6,3,2,4,1
383:1,6,1,9,6,3,9,9,8,3,9,9,7,3,9,1,8,3,4,9,9,2,1,9,4,1,4,7,8,2
384:9,8,3,8,8,6,1,7,6,5,8,4,6,3,9,8,3,6,8,6,6,7,7,9,3,4,5,6,4,8
385:2,6,8,8,5,8,4,9,1,3,7,3,5,9,1,4,9,7,6,8,6,6,2,1,5,5,4,3,1,4
386:2,4,6,7,3,2,1,3,4,2,7,6,3,1,8,5,1,2,8,6,8,5,8,8,9,1,1,7,1,4
387:7,3,6,5,3,6,7,8,4,9,9,2,1,1,6,3,1,6,4,5,9,1,9,1,6,7,9,6,1,1
388:1,4,6,1,5,6,2,5,9,6,9,1,2,7,3,6,8,3,7,9,9,1,4,2,6,1,3,4,4,4
389:5,5,1,1,1,6,8,7,8,1,5,8,8,1,5,9,8,4,2,8,5,6,9,2,2,7,3,6,9,3
390:1,2,9,1,8,5,2,5,6,7,2,6,3,2,7,5,4,1,1,1,8,7,8,5,8,1,1,6,1,1
391:1,4,8,1,5,7,3,6,6,4,9,1,1,4,4,7,7,6,2,1,5,9,6,6,3,8,3,8,6,7
392:4,4,4,5,5,4,1,3,9,7,2,7,5,5,3,6,4,9,5,6,8,4,9,6,9,8,2,2,3,1
393:9,3,1,1,5,1,6,3,5,6,4,1,5,8,9,4,8,1,9,4,2,6,4,1,4,6,8,8,3,1
394:5,5,9,4,3,8,3,8,7,6,9,2,5,8,5,6,4,9,5,2,3,3,6,3,1,8,6,5,1,5
395:2,6,9,9,4,5,5,4,1,2,3,7,7,2,8,6,8,9,6,5,2,6,5,2,8,4,2,6,1,9
396:3,8,6,7,3,6,8,1,9,3,3,3,3,1,6,2,4,8,7,8,3,6,3,8,3,5,9,1,5,9
397:2,1,8,9,7,7,9,6,7,1,5,3,3,8,1,2,7,4,9,7,9,3,1,7,2,9,7,5,7,7
398:7,2,2,1,7,2,8,2,7,8,4,4,8,7,3,8,7,9,3,2,2,4,4,7,8,2,1,3,4,7
399:2,5,4,1,9,7,6,3,3,3,2,6,4,9,7,1,6,9,6,9,2,4,4,5,7,4,2,5,4,4
400:2,1,8,4,8,2,6,3,1,6,2,8,3,6,4,5,6,3,7,7,1,5,1,9,1,5,7,9,7,7
401:6,2,3,1,8,5,9,8,1,4,5,1,4,5,1,9,1,9,4,6,6,2,7,3,6,8,1,2,9,6
402:7,9,6,4,7,1,5,8,6,2,9,1,9,1,9,2,8,2,1,7,7,4,7,5,5,4,7,3,6,3
403:4,5,1,3,1,9,9,5,7,1,2,7,8,7,8,2,2,7,3,2,4,2,1,1,4,6,4,8,2,7
404:4,5,4,2,5,4,2,2,2,4,9,5,1,3,2,8,7,8,9,7,1,1,7,4,5,3,6,2,1,8
405:2,6,9,9,4,5,5,4,1,2,3,7,7,2,8,6,8,9,6,5,2,6,5,2,8,4,2,6,1,8
406:7,1,6,5,2,7,8,2,4,5,4,4,5,9,2,9,4,4,7,3,1,3,6,8,1,6,9,3,2,9
407:3,2,3,6,7,8,5,9,7,7,8,8,5,7,3,7,9,7,3,3,4,8,9,1,3,1,3,3,1,6
408:7,7,2,6,1,8,1,6,7,1,7,8,3,9,1,6,7,5,6,8,1,5,7,1,2,3,9,8,3,2
409:2,6,9,9,4,5,5,4,1,2,3,7,7,2,8,1,8,9,6,5,2,6,5,2,8,4,2,6,1,9
410:7,6,8,1,8,8,8,1,9,9,5,8,8,4,2,9,3,4,4,2,1,8,2,3,4,5,2,4,7,6
411:6,2,2,5,3,7,1,8,3,6,2,7,7,5,5,5,6,8,3,2,4,6,8,2,6,5,9,7,4,8
412:9,8,8,6,5,4,5,6,4,3,4,8,4,9,3,9,4,6,3,5,2,7,6,3,4,9,8,3,5,2
413:8,4,4,4,8,2,9,9,9,9,4,3,9,2,8,6,5,6,3,8,3,6,2,6,8,4,2,1,9,6
414:5,4,4,4,9,1,2,9,4,1,5,1,4,7,8,1,6,5,1,9,8,7,1,5,4,6,1,1,5,1
415:3,1,7,8,5,3,3,7,4,9,3,4,3,7,3,8,9,9,8,3,2,7,6,2,2,1,5,5,7,8
416:3,1,4,1,6,5,1,8,5,3,6,1,1,3,7,9,5,4,6,9,9,2,6,8,3,7,1,1,8,6
417:8,7,2,6,1,9,6,4,1,6,7,3,5,5,2,3,6,4,6,6,6,6,9,9,8,4,2,8,1,3
418:2,2,9,7,7,7,8,1,9,9,1,5,8,4,3,8,4,4,4,5,3,9,7,5,9,4,6,9,4,3
419:9,1,1,3,1,7,2,4,9,7,5,9,7,4,8,7,6,6,8,6,5,5,4,4,8,9,2,7,7,9
420:3,7,9,3,6,1,1,3,6,6,8,7,9,8,4,5,8,7,1,3,3,8,4,8,4,4,9,4,7,6
421:4,4,2,8,5,2,6,2,5,4,1,6,6,7,3,2,5,6,6,4,2,6,6,8,6,8,2,6,9,1
422:3,7,9,3,6,1,1,3,6,6,8,7,9,8,4,5,8,7,1,3,3,8,4,8,4,4,9,4,7,6
423:3,3,5,2,8,6,8,8,8,4,8,2,4,9,5,3,4,4,1,5,1,6,2,8,9,6,3,3,6,3
424:8,7,8,2,2,3,4,8,8,2,2,8,1,3,5,2,6,9,2,6,7,5,2,9,7,4,2,2,9,5
425:8,7,8,2,2,3,4,8,8,2,3,8,1,3,5,2,6,9,2,6,7,5,2,9,7,4,2,2,9,5
426:4,7,2,7,3,4,5,3,4,8,6,1,5,4,3,7,2,6,4,4,1,2,4,4,5,1,1,3,6,7
427:2,1,8,9,7,7,9,6,7,1,5,3,3,8,1,2,7,4,9,7,9,3,1,7,2,9,7,5,9,1
428:8,7,9,6,4,6,5,4,4,9,7,4,7,2,9,7,4,3,4,8,2,5,6,4,2,4,4,3,5,2
429:8,1,3,8,5,5,7,7,7,3,6,4,7,3,2,3,4,1,7,1,2,4,1,8,4,5,5,3,4,2
430:9,8,3,8,1,1,5,4,9,1,6,2,2,3,7,8,2,9,3,2,9,6,9,8,9,2,7,1,7,5
431:6,4,7,3,2,8,9,4,8,6,8,2,8,7,3,2,2,7,3,6,8,7,3,3,7,6,1,7,6,6
432:7,1,8,9,5,1,9,6,5,2,3,8,7,5,9,7,2,6,7,3,9,7,2,6,3,7,6,2,6,1
433:1,4,5,8,5,5,2,7,1,7,2,7,9,5,1,1,7,1,2,3,8,9,7,6,1,1,4,6,8,8
434:4,4,7,7,9,2,2,2,7,3,1,3,8,9,7,8,1,3,6,3,5,6,5,6,1,8,1,5,9,2
435:7,8,1,4,5,5,1,7,5,4,8,9,9,8,6,1,3,2,6,9,6,5,7,4,9,7,9,5,8,1
436:6,2,2,5,3,7,1,8,3,6,2,9,7,5,5,5,6,8,3,2,4,6,8,2,6,5,9,7,4,2
437:6,6,7,6,5,4,9,9,1,9,4,5,9,5,2,9,2,5,3,9,9,2,6,2,4,8,5,8,9,3
438:5,6,2,8,3,4,7,3,3,5,7,9,4,5,9,8,9,4,6,7,1,1,5,6,2,7,8,3,9,4
439:1,4,2,9,9,2,9,4,5,2,3,3,1,9,1,2,2,4,3,1,4,1,1,9,9,4,8,5,6,6
440:4,2,1,1,7,4,6,3,8,3,6,6,8,1,7,7,9,8,9,4,7,6,2,5,4,7,5,2,3,2
441:2,1,8,9,7,7,9,6,7,1,5,3,3,8,1,2,7,4,9,7,9,3,1,7,2,9,7,5,7,1
442:3,5,6,1,1,2,2,3,9,9,5,5,4,5,1,7,5,8,9,9,3,6,5,3,1,7,4,2,1,6
443:7,7,7,4,4,2,4,3,9,4,6,4,6,9,4,4,2,1,1,7,6,9,3,2,4,3,6,7,4,9
444:8,7,9,6,4,6,5,4,4,9,7,4,7,2,9,7,4,3,4,8,2,5,6,4,2,4,4,3,5,3
445:8,2,8,3,3,2,6,4,8,1,8,3,9,1,6,1,3,9,6,7,3,6,3,4,3,4,6,8,8,9
446:9,7,8,7,4,3,4,2,8,2,6,5,3,5,4,6,5,4,8,3,1,4,8,2,3,9,8,2,2,4
447:2,2,2,7,6,6,7,9,8,3,7,3,9,5,1,7,8,6,8,2,8,3,8,1,9,9,8,3,7,1
448:6,3,7,1,9,3,8,5,8,7,7,5,9,7,2,1,6,6,1,9,4,4,3,3,8,4,7,2,7,5
449:7,4,4,5,4,3,5,4,1,7,7,7,9,4,8,9,7,4,5,4,8,5,9,6,7,5,2,4,4,5
450:6,6,1,9,3,8,4,1,4,7,3,8,4,2,5,6,3,6,1,6,2,3,1,2,8,5,9,9,8,3
451:5,6,8,5,4,6,4,8,2,4,1,2,3,5,9,8,1,6,5,6,3,8,8,9,5,1,8,5,3,7
452:3,1,9,4,1,8,5,5,7,8,1,4,9,7,9,9,2,2,5,7,2,6,4,7,5,3,5,3,2,1
453:3,1,9,4,1,8,5,5,7,8,1,4,9,7,9,9,2,2,5,7,2,6,1,7,5,3,5,3,2,8
454:5,5,1,6,3,4,6,5,6,2,8,2,2,9,2,4,7,9,8,6,9,4,8,9,6,7,7,5,9,2
455:2,9,4,7,9,9,2,6,6,5,9,3,9,1,8,5,6,8,2,7,3,9,9,3,8,6,2,6,1,1
456:8,2,8,3,2,7,5,6,2,6,4,4,6,9,5,7,6,1,5,9,8,3,3,3,8,5,3,5,7,7
457:1,2,6,5,5,6,3,6,9,1,3,2,5,7,9,9,1,9,4,2,1,8,6,9,6,8,3,5,3,5
458:5,3,5,2,4,7,5,9,1,3,5,2,4,3,9,6,5,9,5,6,6,9,2,8,3,4,3,3,9,7
459:7,1,9,9,8,5,8,2,2,1,2,5,2,3,3,2,5,4,8,7,6,6,5,3,4,5,1,5,9,9
460:8,1,3,8,5,5,7,7,7,3,6,4,7,3,2,3,1,1,7,1,2,4,1,8,4,5,5,3,4,4
461:3,6,9,9,8,1,5,6,7,5,4,1,8,1,8,8,9,8,4,4,7,8,9,5,6,6,8,9,1,7
462:1,9,8,3,3,6,7,5,4,7,7,8,9,5,1,2,6,8,5,2,6,9,3,7,3,3,7,4,8,4
463:7,6,8,1,8,8,6,1,9,9,5,8,8,4,2,9,3,4,4,2,1,8,2,3,4,5,2,4,7,6
464:8,3,1,1,9,7,5,5,5,2,8,1,1,2,5,7,2,6,5,4,6,7,4,3,3,9,2,4,1,2
465:9,3,1,1,5,1,6,3,5,6,4,1,5,8,9,4,8,1,9,4,2,6,4,1,4,6,8,8,3,1
466:3,1,9,1,9,6,9,7,6,9,2,9,1,6,8,5,7,6,8,5,9,1,1,7,6,1,2,2,9,5
467:9,3,6,7,5,3,7,1,3,5,1,4,3,5,7,7,3,9,6,9,4,7,5,6,5,3,2,8,1,5
468:9,1,1,3,1,7,2,4,9,7,5,9,7,4,8,7,6,6,8,6,5,5,4,4,8,9,2,7,7,9
469:6,6,1,9,3,8,4,1,4,7,3,8,4,3,5,6,3,6,1,6,2,3,1,2,8,5,9,9,8,1
470:8,7,9,6,4,6,5,4,4,9,7,4,7,2,9,7,4,3,4,8,2,5,6,4,2,4,4,3,5,3
471:6,2,5,9,7,6,6,2,5,9,5,5,4,6,7,1,7,5,4,5,5,1,6,6,5,5,2,5,8,1
472:2,9,7,2,5,4,2,7,3,1,4,3,6,4,4,3,6,5,5,9,1,8,6,6,3,2,1,3,4,1
473:2,9,4,7,9,9,2,6,6,5,9,3,9,1,8,5,6,8,2,7,2,9,9,3,8,6,2,6,1,8
474:5,1,5,7,6,2,5,7,6,3,2,2,1,9,3,2,2,9,5,6,4,5,9,5,5,3,9,9,1,2
475:3,9,2,9,3,9,5,8,3,5,1,6,5,8,1,6,2,6,4,2,7,7,9,6,9,5,1,3,6,2
476:1,1,2,4,3,5,4,5,5,7,6,3,2,3,8,7,1,3,6,5,3,1,1,9,6,7,2,8,1,6
477:7,8,1,4,5,5,1,7,5,4,8,9,9,8,6,1,3,2,5,9,6,5,7,4,9,7,9,5,8,8
478:2,9,7,2,5,4,2,7,3,1,4,3,6,4,4,3,6,5,5,9,1,8,6,6,3,2,1,3,4,9
479:2,3,1,5,3,8,2,4,3,8,3,7,4,2,8,1,4,8,7,9,5,1,5,5,1,3,3,2,7,7
480:5,5,1,6,3,4,6,5,6,2,8,2,2,9,2,4,7,9,8,6,9,4,8,9,6,7,7,5,9,2
481:5,3,9,1,7,8,9,3,4,3,9,9,2,6,6,8,7,9,3,4,4,8,7,9,7,4,4,3,5,5
482:7,4,4,5,4,3,5,4,1,7,7,7,9,4,8,9,7,4,5,4,8,5,9,6,7,5,2,4,4,2
483:5,4,4,4,9,1,2,9,4,1,5,1,4,7,8,1,6,5,1,9,8,7,1,5,4,6,9,1,5,2
484:7,4,4,5,4,3,5,4,1,7,7,7,9,4,8,9,7,4,5,5,8,5,9,6,7,5,2,4,4,2
485:2,3,3,1,9,5,8,4,1,4,5,4,8,2,6,7,6,9,6,2,4,6,5,6,9,1,6,7,5,9
486:7,1,9,9,8,7,8,2,2,1,2,5,2,3,3,2,5,4,8,7,6,6,5,3,4,5,1,5,9,2
487:9,9,2,1,8,3,6,6,9,6,3,3,9,5,5,4,9,1,4,8,3,3,8,7,1,2,1,2,4,1
488:5,4,3,7,3,5,9,1,9,4,1,6,1,6,9,6,7,2,9,6,3,6,9,6,7,4,5,9,7,4
489:4,8,5,5,4,6,4,2,4,5,5,2,7,4,2,4,7,3,7,3,7,9,3,6,2,6,3,2,4,1
490:7,7,3,8,8,4,4,1,1,3,8,1,1,8,7,6,4,5,4,5,1,3,9,1,6,4,5,9,1,8
491:6,5,3,6,7,5,9,3,3,5,5,6,8,1,3,3,5,4,2,5,4,5,3,2,1,8,9,7,1,9
492:3,1,8,8,7,7,8,4,7,2,7,5,1,9,8,2,2,3,8,2,1,8,2,3,7,3,2,4,2,7
493:3,9,2,9,3,9,5,8,3,5,1,6,5,8,1,6,2,6,4,2,7,7,9,6,9,5,1,3,6,6
494:4,4,7,7,9,2,2,2,7,3,1,3,8,9,7,8,1,3,6,3,5,6,5,6,1,8,1,5,9,9
495:1,8,9,2,4,2,1,7,7,6,7,6,9,1,6,2,4,6,2,2,6,9,8,5,9,8,1,6,9,9
496:6,7,6,5,8,3,3,8,9,2,7,2,9,9,8,6,8,1,9,1,9,4,2,8,6,3,5,2,6,7
497:8,2,2,3,7,2,2,5,4,8,5,7,5,3,4,4,9,7,1,7,2,6,4,5,3,2,9,7,6,5
498:1,3,6,7,9,1,3,5,8,4,5,7,6,5,2,2,4,2,9,9,2,8,4,1,5,8,9,7,7,9
499:1,4,2,9,9,2,2,4,5,2,3,3,1,9,1,2,2,4,3,1,4,1,1,9,9,4,8,5,6,6
500:3,8,5,3,8,1,9,7,5,7,9,9,3,8,1,6,2,3,6,5,9,2,2,4,1,4,4,1,3,1